invIMIS 0
	              0	              0	              0	              0	              0	              0	              0	              0	              0	              0	              0
	              0	              0	              0	              0	              0	              0	              0	              0	              0	              0	              0
	              0	              0	              0	              0	              0	              0	              0	              0	              0	              0	              0
	              0	              0	              0	              0	              0	              0	              0	              0	              0	              0	              0
	              0	              0	              0	              0	              0	              0	              0	              0	              0	              0	              0
	              0	              0	              0	              0	              0	              0	              0	              0	              0	              0	              0
	              0	              0	              0	              0	              0	              0	              0	              0	              0	              0	              0
	              0	              0	              0	              0	              0	              0	              0	              0	              0	              0	              0
	              0	              0	              0	              0	              0	              0	              0	              0	              0	              0	              0
	              0	              0	              0	              0	              0	              0	              0	              0	              0	              0	              0
	              0	              0	              0	              0	              0	              0	              0	              0	              0	              0	              0
invIMIS 1
	        6.01284	        0.22297	       0.876241	      -0.934049	       -1.90585	        3.04042	        9.31701	       -2.46719	      -0.169306	       0.603774	       -2.39482
	        0.22297	        1.68193	      -0.233849	      -0.204389	        1.12116	      -0.972783	       -2.14934	       0.664488	      0.0013204	       0.185506	       0.666133
	       0.876241	      -0.233849	        14.9273	       0.231797	        4.17058	        -3.7951	       -2.76492	        1.54594	      0.0169507	       0.242671	          0.275
	      -0.934049	      -0.204389	       0.231797	        22.2872	       -1.44754	      -0.162178	        1.64341	      -0.225815	    -0.00698564	     -0.0664607	      0.0587336
	       -1.90585	        1.12116	        4.17058	       -1.44754	        312.059	       -8.41662	        27.7165	       -7.51292	        1.35749	       -1.89402	       -1.09249
	        3.04042	      -0.972783	        -3.7951	      -0.162178	       -8.41662	        146.318	       -20.1629	        6.30636	      -0.197466	        1.46481	        3.63946
	        9.31701	       -2.14934	       -2.76492	        1.64341	        27.7165	       -20.1629	        319.491	        5.40235	      -0.716417	       -1.12056	        9.92103
	       -2.46719	       0.664488	        1.54594	      -0.225815	       -7.51292	        6.30636	        5.40235	        14.8947	       0.232128	       0.528754	       -4.43282
	      -0.169306	      0.0013204	      0.0169507	    -0.00698564	        1.35749	      -0.197466	      -0.716417	       0.232128	        1.67066	      0.0022422	     -0.0676303
	       0.603774	       0.185506	       0.242671	     -0.0664607	       -1.89402	        1.46481	       -1.12056	       0.528754	      0.0022422	        12.5506	      -0.431557
	       -2.39482	       0.666133	          0.275	      0.0587336	       -1.09249	        3.63946	        9.92103	       -4.43282	     -0.0676303	      -0.431557	        18.7676
invIMIS 2
	        6.94774	     -0.0900603	       0.312513	      -0.445715	        4.86669	       0.129174	         6.6275	      -0.676879	       0.118213	       -1.22234	      0.0304468
	     -0.0900603	        1.43873	      -0.412952	         0.2159	        3.48153	      -0.540878	        2.33279	       0.180194	       0.111295	      -0.255861	       0.743529
	       0.312513	      -0.412952	        18.4428	       0.169563	        1.58216	       -1.96095	       -2.52438	       0.727965	       0.141419	        1.06342	       0.884802
	      -0.445715	         0.2159	       0.169563	        22.5747	       -5.27135	        3.06376	       0.605128	       0.927438	      -0.272532	       0.844225	     -0.0944742
	        4.86669	        3.48153	        1.58216	       -5.27135	        213.276	       -15.7604	       -62.2222	        3.17106	       -3.39079	         12.978	       -6.36545
	       0.129174	      -0.540878	       -1.96095	        3.06376	       -15.7604	        155.774	       -6.54257	        2.02798	      -0.630148	        2.26874	        0.51191
	         6.6275	        2.33279	       -2.52438	       0.605128	       -62.2222	       -6.54257	        318.292	        2.75291	       -1.45583	        9.52324	      -0.435909
	      -0.676879	       0.180194	       0.727965	       0.927438	        3.17106	        2.02798	        2.75291	        17.1071	       0.229857	       -1.85171	       -1.31207
	       0.118213	       0.111295	       0.141419	      -0.272532	       -3.39079	      -0.630148	       -1.45583	       0.229857	        1.41163	       0.449473	      -0.113678
	       -1.22234	      -0.255861	        1.06342	       0.844225	         12.978	        2.26874	        9.52324	       -1.85171	       0.449473	        10.4407	        0.77675
	      0.0304468	       0.743529	       0.884802	     -0.0944742	       -6.36545	        0.51191	      -0.435909	       -1.31207	      -0.113678	        0.77675	        18.2822
invIMIS 3
	        5.14108	      -0.117414	       0.822634	      0.0349955	        5.32875	        -0.8065	        -7.2466	       -1.51944	      -0.494011	       -2.04599	       -1.27792
	      -0.117414	        1.77104	       0.205805	      -0.145476	       0.990291	       -2.19297	       -3.67679	       0.473993	     -0.0908328	      -0.559532	      -0.392321
	       0.822634	       0.205805	        18.9773	         1.5893	       -1.00735	       0.447517	      0.0846599	       0.205779	     -0.0619377	      -0.266556	        1.64716
	      0.0349955	      -0.145476	         1.5893	        24.3573	       -4.37134	        3.48798	      -0.780934	       0.199682	       0.261592	        1.29065	      -0.807253
	        5.32875	       0.990291	       -1.00735	       -4.37134	        328.316	       -5.57972	        11.1122	       -1.76685	        1.16464	         6.0177	         1.5994
	        -0.8065	       -2.19297	       0.447517	        3.48798	       -5.57972	        167.074	       -17.7068	        3.03604	       0.375635	       0.859054	       -4.83809
	        -7.2466	       -3.67679	      0.0846599	      -0.780934	        11.1122	       -17.7068	          346.1	         4.9444	       -2.54097	       -8.12541	        -12.719
	       -1.51944	       0.473993	       0.205779	       0.199682	       -1.76685	        3.03604	         4.9444	        19.0141	       0.383984	       0.602611	     -0.0183943
	      -0.494011	     -0.0908328	     -0.0619377	       0.261592	        1.16464	       0.375635	       -2.54097	       0.383984	        1.54222	      -0.359847	      -0.663691
	       -2.04599	      -0.559532	      -0.266556	        1.29065	         6.0177	       0.859054	       -8.12541	       0.602611	      -0.359847	        12.9954	       -2.36887
	       -1.27792	      -0.392321	        1.64716	      -0.807253	         1.5994	       -4.83809	        -12.719	     -0.0183943	      -0.663691	       -2.36887	        18.4128
invIMIS 4
	        7.69169	     -0.0568032	       0.473014	      -0.187237	        4.90097	      -0.149642	        2.72081	      -0.434083	      -0.244442	      -0.237116	       -1.10086
	     -0.0568032	        1.73754	       -0.50712	       0.415483	        -1.0798	       -1.16444	      -0.757209	      -0.283799	      0.0279587	      -0.786593	       0.256699
	       0.473014	       -0.50712	        20.5879	       0.832203	        3.28463	       0.321404	       -5.43751	       -1.17393	       0.065898	      -0.299799	     -0.0496539
	      -0.187237	       0.415483	       0.832203	        23.3504	       0.529918	        5.61012	        6.54174	        3.48524	       0.257112	        1.92691	        -3.1347
	        4.90097	        -1.0798	        3.28463	       0.529918	        346.655	       -26.4966	       -54.0907	        -12.387	       -1.62168	       -9.06149	        7.45901
	      -0.149642	       -1.16444	       0.321404	        5.61012	       -26.4966	        169.995	       -24.2248	       -1.16847	      -0.863101	      -0.600919	        2.34288
	        2.72081	      -0.757209	       -5.43751	        6.54174	       -54.0907	       -24.2248	        369.699	        -16.843	        -1.0901	       -10.1186	        7.15573
	      -0.434083	      -0.283799	       -1.17393	        3.48524	        -12.387	       -1.16847	        -16.843	         16.827	       0.320652	       -3.81504	        2.97401
	      -0.244442	      0.0279587	       0.065898	       0.257112	       -1.62168	      -0.863101	        -1.0901	       0.320652	        1.96379	      0.0839754	      -0.232518
	      -0.237116	      -0.786593	      -0.299799	        1.92691	       -9.06149	      -0.600919	       -10.1186	       -3.81504	      0.0839754	        12.9183	        2.66449
	       -1.10086	       0.256699	     -0.0496539	        -3.1347	        7.45901	        2.34288	        7.15573	        2.97401	      -0.232518	        2.66449	        15.1845
invIMIS 5
	        49.3133	         5.0744	       -3.51515	        4.12991	        24.2519	        21.3071	       -12.5654	        1.99193	       -1.09422	       -7.76405	       -17.0299
	         5.0744	        5.13753	        0.25241	       -5.63618	       -3.61847	       -19.2857	       -14.2512	       -7.93652	       0.239721	        9.11734	        6.05046
	       -3.51515	        0.25241	        136.553	         3.5075	       -27.4613	       -10.3069	        13.4538	       -1.58341	        1.19984	        -7.6753	        4.61486
	        4.12991	       -5.63618	         3.5075	        159.019	       -21.8052	        22.7814	        21.9199	        21.0087	       0.442975	         18.248	       -18.8136
	        24.2519	       -3.61847	       -27.4613	       -21.8052	        2294.86	        -91.325	        38.5896	       -76.2699	       -8.73853	       -62.2021	        103.704
	        21.3071	       -19.2857	       -10.3069	        22.7814	        -91.325	        1118.72	       -174.435	        -23.993	       -18.4874	        4.53326	        2.21238
	       -12.5654	       -14.2512	        13.4538	        21.9199	        38.5896	       -174.435	        1312.89	       -82.4222	        9.39503	        -34.517	        -148.64
	        1.99193	       -7.93652	       -1.58341	        21.0087	       -76.2699	        -23.993	       -82.4222	        119.473	        1.92027	       -16.1919	         31.638
	       -1.09422	       0.239721	        1.19984	       0.442975	       -8.73853	       -18.4874	        9.39503	        1.92027	        13.1913	       0.258045	       0.718156
	       -7.76405	        9.11734	        -7.6753	         18.248	       -62.2021	        4.53326	        -34.517	       -16.1919	       0.258045	        66.6271	        8.99469
	       -17.0299	        6.05046	        4.61486	       -18.8136	        103.704	        2.21238	        -148.64	         31.638	       0.718156	        8.99469	        73.9018
invIMIS 6
	        108.227	        14.4101	        23.5982	       -32.2833	       -85.6908	       -20.6551	       -24.1167	        1.33798	        1.37735	       -7.86892	       -16.6424
	        14.4101	        8.48278	       -12.2861	       -3.31665	       -26.5337	       -31.2774	       -4.38693	        4.13427	       -1.18178	        18.2267	          15.34
	        23.5982	       -12.2861	        408.409	        191.468	        302.657	       -161.929	        247.986	        -28.927	        1.49893	        18.8196	       -24.4743
	       -32.2833	       -3.31665	        191.468	        472.185	       -68.0333	        -45.387	       -155.788	        148.581	       -1.74124	        29.8539	        57.4697
	       -85.6908	       -26.5337	        302.657	       -68.0333	        5027.08	        741.961	       -1.70229	       -552.138	        -46.818	         211.47	        134.723
	       -20.6551	       -31.2774	       -161.929	        -45.387	        741.961	        2353.33	       -1235.17	        113.227	        40.8713	        135.267	        225.093
	       -24.1167	       -4.38693	        247.986	       -155.788	       -1.70229	       -1235.17	        3267.72	       -201.605	        15.8566	       -43.0525	       -261.616
	        1.33798	        4.13427	        -28.927	        148.581	       -552.138	        113.227	       -201.605	        333.763	        6.20494	        35.8215	        54.5622
	        1.37735	       -1.18178	        1.49893	       -1.74124	        -46.818	        40.8713	        15.8566	        6.20494	        17.7661	       -4.77726	         2.7077
	       -7.86892	        18.2267	        18.8196	        29.8539	         211.47	        135.267	       -43.0525	        35.8215	       -4.77726	        179.458	        106.873
	       -16.6424	          15.34	       -24.4743	        57.4697	        134.723	        225.093	       -261.616	        54.5622	         2.7077	        106.873	        139.705
invIMIS 7
	        167.653	        2.91347	        83.1757	       -53.2713	        29.6456	        246.871	        -345.15	       -40.4376	        11.2773	       -5.10648	       -21.4157
	        2.91347	        14.3955	        -6.2942	        11.7239	        33.4118	        -101.64	       -33.2994	        11.9496	       -2.23057	        33.4249	        20.2319
	        83.1757	        -6.2942	        802.906	        452.161	        165.326	        -178.57	        241.758	       -2.46325	        9.33096	          56.06	       -12.2548
	       -53.2713	        11.7239	        452.161	        773.946	       -263.261	       -409.012	        136.553	        243.049	       -19.1075	        170.744	        85.0531
	        29.6456	        33.4118	        165.326	       -263.261	        6518.75	       -464.693	       -242.182	       -398.544	       -75.7976	        708.423	        356.506
	        246.871	        -101.64	        -178.57	       -409.012	       -464.693	        4574.88	       -1155.31	        368.187	        57.8924	       -84.4108	       -55.6571
	        -345.15	       -33.2994	        241.758	        136.553	       -242.182	       -1155.31	        2116.53	       -173.783	        36.3047	       -3.43989	        26.2501
	       -40.4376	        11.9496	       -2.46325	        243.049	       -398.544	        368.187	       -173.783	        425.732	        13.8596	        90.3676	        120.765
	        11.2773	       -2.23057	        9.33096	       -19.1075	       -75.7976	        57.8924	        36.3047	        13.8596	        23.6257	       -14.8602	        12.9314
	       -5.10648	        33.4249	          56.06	        170.744	        708.423	       -84.4108	       -3.43989	        90.3676	       -14.8602	        274.345	         164.41
	       -21.4157	        20.2319	       -12.2548	        85.0531	        356.506	       -55.6571	        26.2501	        120.765	        12.9314	         164.41	        188.636
invIMIS 8
	        187.289	      -0.507476	        85.1023	       -82.7535	        260.543	        651.955	       -386.479	       -7.76658	        17.0775	        7.12504	        9.86318
	      -0.507476	        24.6335	       -11.2892	        21.3282	        8.89367	        -32.295	       -88.8501	        44.4305	       -3.15282	        52.8777	        44.9214
	        85.1023	       -11.2892	        1610.96	        1350.93	        516.043	        -876.44	        771.201	        342.561	       -12.8494	        215.262	        91.8079
	       -82.7535	        21.3282	        1350.93	        1941.28	        53.1526	       -895.993	        531.603	         764.06	       -26.3269	        521.179	        343.488
	        260.543	        8.89367	        516.043	        53.1526	        3924.21	       -1426.24	        441.327	       -99.5673	       -103.606	         391.03	        2.96905
	        651.955	        -32.295	        -876.44	       -895.993	       -1426.24	        8153.57	       -3753.85	        798.795	        136.526	          115.6	        413.702
	       -386.479	       -88.8501	        771.201	        531.603	        441.327	       -3753.85	        4028.04	       -561.463	        42.7636	       -209.888	        -381.12
	       -7.76658	        44.4305	        342.561	         764.06	       -99.5673	        798.795	       -561.463	        780.878	        20.7412	        437.484	        424.278
	        17.0775	       -3.15282	       -12.8494	       -26.3269	       -103.606	        136.526	        42.7636	        20.7412	        39.0962	       -19.2241	        18.3157
	        7.12504	        52.8777	        215.262	        521.179	         391.03	          115.6	       -209.888	        437.484	       -19.2241	        547.166	        353.542
	        9.86318	        44.9214	        91.8079	        343.488	        2.96905	        413.702	        -381.12	        424.278	        18.3157	        353.542	         372.04
invIMIS 9
	        148.517	        4.60293	        107.355	       -17.4318	        55.9546	        375.032	       -383.291	       -42.6548	        19.4833	        -3.1962	         17.983
	        4.60293	        15.3742	        11.2047	        36.8007	        39.9083	        -36.844	       -47.0692	        27.7817	       -2.45627	        38.8647	        25.5323
	        107.355	        11.2047	        1995.49	         1694.5	        521.491	       -764.558	        639.596	        424.696	        3.04189	        332.521	        291.296
	       -17.4318	        36.8007	         1694.5	        2406.97	       -266.966	       -156.768	        336.918	        938.963	       -4.72752	        646.235	        469.333
	        55.9546	        39.9083	        521.491	       -266.966	        4825.53	       -1567.39	        1203.74	       -364.307	       -176.183	         302.12	       -239.562
	        375.032	        -36.844	       -764.558	       -156.768	       -1567.39	        6626.23	       -3345.84	        849.148	        49.9473	        269.389	        356.314
	       -383.291	       -47.0692	        639.596	        336.918	        1203.74	       -3345.84	        3784.61	       -341.737	        11.3329	        -51.128	       -149.067
	       -42.6548	        27.7817	        424.696	        938.963	       -364.307	        849.148	       -341.737	        756.477	        -4.8079	        451.111	        345.396
	        19.4833	       -2.45627	        3.04189	       -4.72752	       -176.183	        49.9473	        11.3329	        -4.8079	        29.6394	       -9.65144	        22.7548
	        -3.1962	        38.8647	        332.521	        646.235	         302.12	        269.389	        -51.128	        451.111	       -9.65144	        505.295	        273.501
	         17.983	        25.5323	        291.296	        469.333	       -239.562	        356.314	       -149.067	        345.396	        22.7548	        273.501	        251.416
invIMIS 10
	        218.412	        3.46461	        34.3607	       -131.474	       -134.368	        1112.13	       -609.907	       -21.5956	        43.3766	       -85.7512	        32.7396
	        3.46461	        28.4151	         73.693	        70.5928	        88.1773	       -134.552	          11.63	        34.0832	       -1.66008	        65.5897	        59.7113
	        34.3607	         73.693	        3389.52	        3177.99	        537.928	       -2181.38	        1296.86	        1049.93	       -21.4022	        644.959	        493.572
	       -131.474	        70.5928	        3177.99	        4237.32	        897.492	       -2191.88	        1920.41	        1451.24	       -56.9988	        1182.78	        743.227
	       -134.368	        88.1773	        537.928	        897.492	        5542.63	       -1111.77	        745.893	        280.473	       -249.395	        581.313	       -122.341
	        1112.13	       -134.552	       -2181.38	       -2191.88	       -1111.77	        15917.1	       -7194.43	        758.546	        127.842	        429.803	        557.518
	       -609.907	          11.63	        1296.86	        1920.41	        745.893	       -7194.43	        5372.81	        169.824	       -81.6528	        351.909	       -2.20023
	       -21.5956	        34.0832	        1049.93	        1451.24	        280.473	        758.546	        169.824	        981.013	        25.7435	         795.12	        601.757
	        43.3766	       -1.66008	       -21.4022	       -56.9988	       -249.395	        127.842	       -81.6528	        25.7435	        47.6245	      -0.376001	        52.7765
	       -85.7512	        65.5897	        644.959	        1182.78	        581.313	        429.803	        351.909	         795.12	      -0.376001	        894.491	        580.136
	        32.7396	        59.7113	        493.572	        743.227	       -122.341	        557.518	       -2.20023	        601.757	        52.7765	        580.136	        566.802
invIMIS 11
	        102.279	       -1.21361	        102.987	       -53.6693	        254.416	        268.382	       -210.596	         -23.21	         16.703	      -0.233826	       -4.19577
	       -1.21361	        11.4565	       -1.66428	        10.9798	        -23.327	        -37.452	       -46.9854	        36.7617	      -0.279844	         34.853	        27.8174
	        102.987	       -1.66428	        1322.31	         927.49	         406.99	       -712.869	        530.257	        68.5666	         10.204	        69.5031	        6.37922
	       -53.6693	        10.9798	         927.49	        1330.99	       -456.639	       -346.365	         266.47	        473.907	       -18.8786	        237.051	        197.474
	        254.416	        -23.327	         406.99	       -456.639	        4207.96	        287.469	       -318.085	       -213.604	       -28.3928	        134.265	       -18.4271
	        268.382	        -37.452	       -712.869	       -346.365	        287.469	        5224.83	       -1861.32	        454.623	        98.3929	        294.543	        310.549
	       -210.596	       -46.9854	        530.257	         266.47	       -318.085	       -1861.32	           2894	       -349.443	        14.7844	       -255.105	       -209.519
	         -23.21	        36.7617	        68.5666	        473.907	       -213.604	        454.623	       -349.443	        529.689	        11.3154	        294.473	        278.595
	         16.703	      -0.279844	         10.204	       -18.8786	       -28.3928	        98.3929	        14.7844	        11.3154	        22.5358	      -0.565402	        6.98265
	      -0.233826	         34.853	        69.5031	        237.051	        134.265	        294.543	       -255.105	        294.473	      -0.565402	        399.552	        261.075
	       -4.19577	        27.8174	        6.37922	        197.474	       -18.4271	        310.549	       -209.519	        278.595	        6.98265	        261.075	        272.177
invIMIS 12
	        111.343	       -3.07019	        65.0179	       -40.9667	        79.9595	        345.314	           -239	        6.70782	       -1.07783	       -17.5282	        16.7157
	       -3.07019	        14.7131	       -6.30373	        24.3353	        32.4423	       -53.2956	        -2.8792	        34.1399	       0.523431	        36.2416	        34.1378
	        65.0179	       -6.30373	         1261.3	        1028.92	        334.419	       -471.785	        275.869	         226.29	       -32.2098	        115.985	        47.7552
	       -40.9667	        24.3353	        1028.92	        1397.08	       -16.0526	       -441.046	        285.237	        476.806	       -27.6349	        330.307	        205.909
	        79.9595	        32.4423	        334.419	       -16.0526	        3215.85	        -1461.4	        292.789	        20.9305	       -53.5841	         191.52	       -60.2563
	        345.314	       -53.2956	       -471.785	       -441.046	        -1461.4	        5346.08	       -1938.55	         478.54	        34.2353	        56.5624	        348.978
	           -239	        -2.8792	        275.869	        285.237	        292.789	       -1938.55	        1587.39	       -279.513	        3.67557	       -127.062	       -217.336
	        6.70782	        34.1399	         226.29	        476.806	        20.9305	         478.54	       -279.513	        512.592	         17.686	        306.005	        299.014
	       -1.07783	       0.523431	       -32.2098	       -27.6349	       -53.5841	        34.2353	        3.67557	         17.686	        15.4254	       -8.03331	        22.6344
	       -17.5282	        36.2416	        115.985	        330.307	         191.52	        56.5624	       -127.062	        306.005	       -8.03331	         395.93	        225.662
	        16.7157	        34.1378	        47.7552	        205.909	       -60.2563	        348.978	       -217.336	        299.014	        22.6344	        225.662	        253.504
invIMIS 13
	        143.955	        -8.4832	        137.951	       -4.41772	        21.0773	         586.13	       -319.352	        30.0766	        13.4613	       -15.5716	        21.4532
	        -8.4832	        17.4608	        21.6663	        93.1825	        57.7027	       -10.9847	       -6.97102	        65.7747	       -12.0008	        62.8716	        44.8345
	        137.951	        21.6663	         2877.4	        2789.27	        818.587	       -1482.63	        1135.65	        789.892	        6.06511	        623.422	        376.894
	       -4.41772	        93.1825	        2789.27	        3841.32	        249.484	       -947.488	        866.121	        1507.45	       -0.47955	        1200.29	        779.401
	        21.0773	        57.7027	        818.587	        249.484	        5095.77	       -2334.44	        1679.73	       -76.2726	       -163.392	        142.109	       -146.127
	         586.13	       -10.9847	       -1482.63	       -947.488	       -2334.44	        10098.1	       -5089.34	        1186.42	        76.6791	        479.436	        650.477
	       -319.352	       -6.97102	        1135.65	        866.121	        1679.73	       -5089.34	        3948.83	       -498.559	         13.616	        -9.8176	       -252.792
	        30.0766	        65.7747	        789.892	        1507.45	       -76.2726	        1186.42	       -498.559	        1175.38	        5.66266	        824.455	        630.519
	        13.4613	       -12.0008	        6.06511	       -0.47955	       -163.392	        76.6791	         13.616	        5.66266	         27.462	       -4.86699	        14.3439
	       -15.5716	        62.8716	        623.422	        1200.29	        142.109	        479.436	        -9.8176	        824.455	       -4.86699	        790.774	        528.561
	        21.4532	        44.8345	        376.894	        779.401	       -146.127	        650.477	       -252.792	        630.519	        14.3439	        528.561	        461.304
invIMIS 14
	        104.621	       -5.06739	         126.55	        -129.25	        130.673	        170.352	         1.5784	       -16.4987	        9.34873	        13.9171	        37.6846
	       -5.06739	        26.8563	        127.786	        264.807	        160.695	        181.651	        15.2799	        189.172	       -7.01489	        181.748	        123.268
	         126.55	        127.786	        7317.31	        7572.84	        1678.01	       -4888.99	        3596.22	        2311.63	       -3.58136	        1978.05	        1200.98
	        -129.25	        264.807	        7572.84	        10394.4	        611.433	       -2604.54	        3243.08	        4195.36	        39.9527	         3519.5	        2263.04
	        130.673	        160.695	        1678.01	        611.433	        8349.82	       -3420.18	        2699.62	        256.421	       -263.899	        545.745	        6.77356
	        170.352	        181.651	       -4888.99	       -2604.54	       -3420.18	        16220.3	       -6596.54	        2616.14	        194.876	         2143.7	        1918.93
	         1.5784	        15.2799	        3596.22	        3243.08	        2699.62	       -6596.54	        4847.36	       -94.6978	       -104.579	        117.472	       -217.454
	       -16.4987	        189.172	        2311.63	        4195.36	        256.421	        2616.14	       -94.6978	         2994.4	        53.9119	        2423.63	        1671.44
	        9.34873	       -7.01489	       -3.58136	        39.9527	       -263.899	        194.876	       -104.579	        53.9119	        19.0059	        22.6847	        31.9408
	        13.9171	        181.748	        1978.05	         3519.5	        545.745	         2143.7	        117.472	        2423.63	        22.6847	        2286.05	         1460.7
	        37.6846	        123.268	        1200.98	        2263.04	        6.77356	        1918.93	       -217.454	        1671.44	        31.9408	         1460.7	        1092.48
invIMIS 15
	        129.898	        2.84409	        56.1765	        -220.96	        124.809	        795.212	       -499.596	         83.532	        8.94036	        31.1418	        59.8979
	        2.84409	        23.5672	        135.073	        237.882	        157.603	        52.9367	        40.7556	        156.385	       -3.00176	        165.387	        113.968
	        56.1765	        135.073	        4943.85	        5239.12	        399.485	       -2702.59	        1735.37	        1747.55	        13.3224	        1281.83	        886.214
	        -220.96	        237.882	        5239.12	        7829.08	        213.298	       -2462.98	        2062.84	        3235.11	        20.6154	        2426.25	        1654.37
	        124.809	        157.603	        399.485	        213.298	        8158.16	       -1223.86	        2074.33	        508.891	       -199.246	        1044.81	        468.677
	        795.212	        52.9367	       -2702.59	       -2462.98	       -1223.86	        14608.1	       -7194.82	        2137.25	        159.159	        1236.74	        1219.65
	       -499.596	        40.7556	        1735.37	        2062.84	        2074.33	       -7194.82	        5530.83	       -320.296	        -163.93	        62.2424	       -334.967
	         83.532	        156.385	        1747.55	        3235.11	        508.891	        2137.25	       -320.296	        2694.48	        38.8615	        1940.07	        1371.63
	        8.94036	       -3.00176	        13.3224	        20.6154	       -199.246	        159.159	        -163.93	        38.8615	        15.3682	       -3.78178	        3.30236
	        31.1418	        165.387	        1281.83	        2426.25	        1044.81	        1236.74	        62.2424	        1940.07	       -3.78178	        1770.13	        1178.09
	        59.8979	        113.968	        886.214	        1654.37	        468.677	        1219.65	       -334.967	        1371.63	        3.30236	        1178.09	        952.176
invIMIS 16
	        110.143	        21.9626	       -31.5646	       -188.508	        145.302	        942.068	       -482.038	        133.267	        -13.744	        56.1845	        88.9291
	        21.9626	         32.261	        181.775	        262.107	        111.846	        240.685	       -51.2248	        252.144	       0.695912	        208.352	        171.689
	       -31.5646	        181.775	        7579.29	        7454.38	        1348.09	       -7572.38	         4536.5	        1829.17	       -114.552	        1606.79	         1036.1
	       -188.508	        262.107	        7454.38	        10028.6	        101.761	       -5197.95	        3580.11	        3755.12	       -39.0777	        3036.19	        2122.14
	        145.302	        111.846	        1348.09	        101.761	        8166.96	        -4707.4	        2509.03	        -105.37	        -126.63	        550.185	        300.873
	        942.068	        240.685	       -7572.38	       -5197.95	        -4707.4	        26562.3	       -13590.9	        3176.55	        46.8609	        1671.82	        2162.84
	       -482.038	       -51.2248	         4536.5	        3580.11	        2509.03	       -13590.9	        9695.33	       -1043.28	       -21.0877	       -383.271	       -596.886
	        133.267	        252.144	        1829.17	        3755.12	        -105.37	        3176.55	       -1043.28	        3142.56	        1.61985	        2313.13	        1824.17
	        -13.744	       0.695912	       -114.552	       -39.0777	        -126.63	        46.8609	       -21.0877	        1.61985	        23.6677	        2.57843	        12.5274
	        56.1845	        208.352	        1606.79	        3036.19	        550.185	        1671.82	       -383.271	        2313.13	        2.57843	        2110.68	        1551.99
	        88.9291	        171.689	         1036.1	        2122.14	        300.873	        2162.84	       -596.886	        1824.17	        12.5274	        1551.99	        1322.76
invIMIS 17
	        99.1367	        27.2047	        109.315	        17.8158	        130.731	         601.77	        -284.84	        122.005	          4.127	         103.39	        132.357
	        27.2047	        41.4832	        468.831	        586.453	        242.945	       -111.236	        141.926	        324.494	       -1.63994	        289.715	        223.645
	        109.315	        468.831	        13826.1	        15971.2	        2407.23	       -8812.76	        6168.63	        5577.88	       -89.2108	        4805.58	        3223.21
	        17.8158	        586.453	        15971.2	        20651.4	        1692.65	        -8703.9	        6048.52	        8136.39	       -34.9269	        6682.34	        4613.64
	        130.731	        242.945	        2407.23	        1692.65	        6836.82	       -2109.54	        2012.02	        830.975	        -189.22	        1049.06	        720.304
	         601.77	       -111.236	       -8812.76	        -8703.9	       -2109.54	        15907.4	       -9972.58	       -504.038	        186.311	       -914.416	       -7.38473
	        -284.84	        141.926	        6168.63	        6048.52	        2012.02	       -9972.58	        7720.31	        823.488	       -138.861	        1016.65	        182.933
	        122.005	        324.494	        5577.88	        8136.39	        830.975	       -504.038	        823.488	        4588.76	        29.4022	        3495.29	         2636.8
	          4.127	       -1.63994	       -89.2108	       -34.9269	        -189.22	        186.311	       -138.861	        29.4022	        16.6907	       -18.0193	        8.67001
	         103.39	        289.715	        4805.58	        6682.34	        1049.06	       -914.416	        1016.65	        3495.29	       -18.0193	        3165.57	        2251.03
	        132.357	        223.645	        3223.21	        4613.64	        720.304	       -7.38473	        182.933	         2636.8	        8.67001	        2251.03	        1807.46
invIMIS 18
	        91.3602	        12.7957	        57.0071	       -27.1613	        105.336	         626.99	       -172.794	        104.003	       -10.0767	        74.4285	        83.9297
	        12.7957	        34.5414	        167.095	        330.828	        138.897	        221.964	       -48.3094	        275.242	       -4.15423	        236.389	        174.475
	        57.0071	        167.095	        6932.71	        6998.72	        984.901	       -4528.23	        2672.08	        2272.37	       -85.1452	        1722.91	        1066.76
	       -27.1613	        330.828	        6998.72	        9880.56	        1167.77	       -2213.16	         1547.3	        4525.44	         22.668	        3596.21	        2266.92
	        105.336	        138.897	        984.901	        1167.77	        6918.46	        687.572	        908.889	        801.716	       -289.456	        820.337	        589.748
	         626.99	        221.964	       -4528.23	       -2213.16	        687.572	        19490.3	       -8617.78	        2759.07	        55.2068	        2502.18	        1896.69
	       -172.794	       -48.3094	        2672.08	         1547.3	        908.889	       -8617.78	        5656.55	        -449.48	       -96.5226	       -673.806	       -638.391
	        104.003	        275.242	        2272.37	        4525.44	        801.716	        2759.07	        -449.48	        3517.18	        39.4073	        2774.92	         1961.4
	       -10.0767	       -4.15423	       -85.1452	         22.668	       -289.456	        55.2068	       -96.5226	        39.4073	        29.2943	       -6.01724	        16.2316
	        74.4285	        236.389	        1722.91	        3596.21	        820.337	        2502.18	       -673.806	        2774.92	       -6.01724	        2555.04	        1744.97
	        83.9297	        174.475	        1066.76	        2266.92	        589.748	        1896.69	       -638.391	         1961.4	        16.2316	        1744.97	        1457.55
invIMIS 19
	        223.994	         48.659	        223.292	       -42.2985	        844.648	        650.858	        -420.39	         203.77	       -1.09607	        301.711	        171.982
	         48.659	        98.0489	        845.541	        1233.43	        338.064	        480.598	       -1.70285	        833.664	        10.2354	        723.245	        523.958
	        223.292	        845.541	        30412.7	        32183.2	        8064.99	         -20723	        14692.8	        9961.03	       -308.606	        9074.59	        5565.79
	       -42.2985	        1233.43	        32183.2	        38823.9	        6558.96	       -14518.9	        12881.6	          14858	       -155.595	        12586.4	        8213.74
	        844.648	        338.064	        8064.99	        6558.96	        9259.71	       -2608.77	        633.877	        2631.98	       -54.1278	        2983.24	        1677.69
	        650.858	        480.598	         -20723	       -14518.9	       -2608.77	        44547.6	       -21850.4	        4767.64	        431.388	        3004.66	        2822.23
	        -420.39	       -1.70285	        14692.8	        12881.6	        633.877	       -21850.4	          13789	        452.179	       -260.545	        1103.98	        374.864
	         203.77	        833.664	        9961.03	          14858	        2631.98	        4767.64	        452.179	        9184.53	        99.5394	        7562.74	        5314.65
	       -1.09607	        10.2354	       -308.606	       -155.595	       -54.1278	        431.388	       -260.545	        99.5394	        25.3558	        77.8188	        62.6094
	        301.711	        723.245	        9074.59	        12586.4	        2983.24	        3004.66	        1103.98	        7562.74	        77.8188	        6888.41	         4636.7
	        171.982	        523.958	        5565.79	        8213.74	        1677.69	        2822.23	        374.864	        5314.65	        62.6094	         4636.7	        3340.76
invIMIS 20
	        118.743	        24.8456	       -97.6237	       -168.394	       -40.4555	        1072.36	       -389.431	        180.604	       -3.72239	        82.6436	        96.7804
	        24.8456	        40.9155	         234.32	        422.341	        38.7116	         393.92	       -105.083	        354.872	        2.63905	        271.002	        218.013
	       -97.6237	         234.32	        8263.48	        8497.26	        863.016	       -7368.52	        5223.73	        2206.59	       -71.5562	        1920.99	         1151.2
	       -168.394	        422.341	        8497.26	        11989.6	         444.24	       -4438.15	        3327.62	        4817.81	        32.4561	        3996.15	        2627.57
