invIMIS 0
	              0	              0	              0	              0	              0	              0	              0	              0	              0	              0
	              0	              0	              0	              0	              0	              0	              0	              0	              0	              0
	              0	              0	              0	              0	              0	              0	              0	              0	              0	              0
	              0	              0	              0	              0	              0	              0	              0	              0	              0	              0
	              0	              0	              0	              0	              0	              0	              0	              0	              0	              0
	              0	              0	              0	              0	              0	              0	              0	              0	              0	              0
	              0	              0	              0	              0	              0	              0	              0	              0	              0	              0
	              0	              0	              0	              0	              0	              0	              0	              0	              0	              0
	              0	              0	              0	              0	              0	              0	              0	              0	              0	              0
	              0	              0	              0	              0	              0	              0	              0	              0	              0	              0
invIMIS 1
	          5.921	     0.00778228	       0.395487	      -0.044563	       -2.65236	        2.32392	        2.17629	       -2.07498	       -0.49477	       -1.15568
	     0.00778228	        1.38641	      0.0546928	       -0.16528	      -0.727016	        0.13516	         0.8452	      -0.592653	     -0.0523732	      -0.378891
	       0.395487	      0.0546928	         15.342	       0.309025	        1.92409	       0.141573	       -3.56858	       0.344394	      0.0124413	       0.367405
	      -0.044563	       -0.16528	       0.309025	        20.5966	         -2.683	       -2.12224	      -0.714068	        1.59297	       0.190716	       0.684546
	       -2.65236	      -0.727016	        1.92409	         -2.683	         245.64	        25.5096	        27.8797	       -19.8545	       -1.40141	       -10.9566
	        2.32392	        0.13516	       0.141573	       -2.12224	        25.5096	        133.696	       0.144633	        7.84191	       0.706892	        4.78223
	        2.17629	         0.8452	       -3.56858	      -0.714068	        27.8797	       0.144633	        304.036	         3.1571	       0.557197	        2.75719
	       -2.07498	      -0.592653	       0.344394	        1.59297	       -19.8545	        7.84191	         3.1571	        12.7425	      -0.612748	       -2.10497
	       -0.49477	     -0.0523732	      0.0124413	       0.190716	       -1.40141	       0.706892	       0.557197	      -0.612748	        1.19631	      -0.519875
	       -1.15568	      -0.378891	       0.367405	       0.684546	       -10.9566	        4.78223	        2.75719	       -2.10497	      -0.519875	        10.7492
invIMIS 2
	        33.8179	        1.68475	        2.60249	         3.6908	        22.4694	       -7.73925	        58.7955	       -19.6143	       -2.24894	       -6.57036
	        1.68475	        6.84376	        1.97648	      -0.187572	       -35.8493	       -13.7895	        -4.5265	        -1.0389	        2.32975	       -5.10572
	        2.60249	        1.97648	        98.8934	        3.83696	        44.9465	       -10.1937	        18.7729	       -7.06769	        1.71621	      0.0273967
	         3.6908	      -0.187572	        3.83696	        110.097	       -49.1553	        10.9687	       -34.9373	        14.9852	      -0.323517	        11.7643
	        22.4694	       -35.8493	        44.9465	       -49.1553	        906.373	        62.4888	       -222.221	       -24.7828	       0.637208	       -100.897
	       -7.73925	       -13.7895	       -10.1937	        10.9687	        62.4888	        704.909	        43.3894	        44.0386	        18.6762	        8.87721
	        58.7955	        -4.5265	        18.7729	       -34.9373	       -222.221	        43.3894	        1537.75	        66.9602	        5.51729	         0.3123
	       -19.6143	        -1.0389	       -7.06769	        14.9852	       -24.7828	        44.0386	        66.9602	        65.5434	       -4.27618	       -8.53391
	       -2.24894	        2.32975	        1.71621	      -0.323517	       0.637208	        18.6762	        5.51729	       -4.27618	        5.65437	        0.43012
	       -6.57036	       -5.10572	      0.0273967	        11.7643	       -100.897	        8.87721	         0.3123	       -8.53391	        0.43012	        61.1046
invIMIS 3
	        25.2863	        1.03281	        2.49154	        1.55976	         32.073	       -6.13917	        29.1669	        -8.7953	       -1.45581	       -7.20039
	        1.03281	        5.02662	       0.293059	       0.258813	       -20.0583	       -9.57364	        2.17824	       -1.11532	        1.23526	       -2.76676
	        2.49154	       0.293059	        61.8927	         4.8497	       -12.3401	       -4.86878	        14.1683	       -1.82594	        0.94493	         5.4684
	        1.55976	       0.258813	         4.8497	        73.5679	        25.9939	       -4.02392	       -50.1535	        7.60132	       -1.55817	       -2.13845
	         32.073	       -20.0583	       -12.3401	        25.9939	        446.046	        60.8918	        66.0444	        -32.758	        3.03995	        5.14183
	       -6.13917	       -9.57364	       -4.86878	       -4.02392	        60.8918	        548.427	        83.0193	        26.0877	        12.3629	        -1.9401
	        29.1669	        2.17824	        14.1683	       -50.1535	        66.0444	        83.0193	        1109.09	        37.2034	        1.03257	       -13.0359
	        -8.7953	       -1.11532	       -1.82594	        7.60132	        -32.758	        26.0877	        37.2034	        44.3796	       -2.27216	       -3.82148
	       -1.45581	        1.23526	        0.94493	       -1.55817	        3.03995	        12.3629	        1.03257	       -2.27216	        4.18315	       0.408797
	       -7.20039	       -2.76676	         5.4684	       -2.13845	        5.14183	        -1.9401	       -13.0359	       -3.82148	       0.408797	        32.5026
invIMIS 4
	        41.4466	        2.26095	        9.24576	       -1.55342	        35.2896	        3.45933	        60.0859	       -21.7016	       -2.01401	       -3.78103
	        2.26095	        9.56293	        2.54098	       0.320923	       -21.4392	       -27.1121	         10.783	        -3.6847	        2.06421	       -5.16234
	        9.24576	        2.54098	        140.146	        10.9474	       -32.9496	       -42.5441	        63.6045	       -2.12397	        3.11694	        7.96085
	       -1.55342	       0.320923	        10.9474	        154.214	        82.1912	        18.7373	       -72.3613	        17.2444	       -0.78473	       0.546045
	        35.2896	       -21.4392	       -32.9496	        82.1912	         753.78	        58.6367	        -32.477	       -77.9074	        4.29674	        47.0239
	        3.45933	       -27.1121	       -42.5441	        18.7373	        58.6367	        1095.17	       -38.8597	        82.0578	        11.5913	       -54.6498
	        60.0859	         10.783	        63.6045	       -72.3613	        -32.477	       -38.8597	        2124.79	        132.024	       -10.1394	        -85.456
	       -21.7016	        -3.6847	       -2.12397	        17.2444	       -77.9074	        82.0578	        132.024	        83.4305	       -5.78248	         8.2908
	       -2.01401	        2.06421	        3.11694	       -0.78473	        4.29674	        11.5913	       -10.1394	       -5.78248	        7.22647	      -0.960273
	       -3.78103	       -5.16234	        7.96085	       0.546045	        47.0239	       -54.6498	        -85.456	         8.2908	      -0.960273	        38.5335
invIMIS 5
	        188.854	        25.1509	        118.769	       -42.5824	        108.028	        123.699	       -167.207	       -98.3462	       -10.2057	       -22.0053
	        25.1509	        25.9914	        8.66415	        27.1395	       -20.4364	       -84.6664	        107.532	       -10.7402	        7.72204	       -17.7838
	        118.769	        8.66415	        881.037	        459.171	       -55.5003	       -260.666	        234.114	        40.5392	       -3.92659	        21.9753
	       -42.5824	        27.1395	        459.171	        956.267	        153.267	       -225.452	       -86.5361	        201.458	        30.1004	        114.458
	        108.028	       -20.4364	       -55.5003	        153.267	        1282.93	        207.521	       -879.047	       -99.9716	       -26.1802	        127.087
	        123.699	       -84.6664	       -260.666	       -225.452	        207.521	        4793.56	       -1281.39	        345.159	       -37.8626	        10.5116
	       -167.207	        107.532	        234.114	       -86.5361	       -879.047	       -1281.39	        2519.67	       -55.7605	        59.1137	       -242.031
	       -98.3462	       -10.7402	        40.5392	        201.458	       -99.9716	        345.159	       -55.7605	        361.767	       -13.3226	        202.333
	       -10.2057	        7.72204	       -3.92659	        30.1004	       -26.1802	       -37.8626	        59.1137	       -13.3226	        25.0869	       -20.3904
	       -22.0053	       -17.7838	        21.9753	        114.458	        127.087	        10.5116	       -242.031	        202.333	       -20.3904	        240.715
invIMIS 6
	        154.964	        6.56743	        63.9646	       -56.3903	       -9.57139	        303.481	       -224.214	       -12.7921	       -22.6257	         38.617
	        6.56743	        11.9202	        1.56031	        34.5325	       -17.3049	        -7.2367	        26.1623	       -1.93556	        5.77274	       -6.27192
	        63.9646	        1.56031	        1956.24	        1839.88	        349.295	       -562.675	        677.883	        544.509	       -3.12931	        433.522
	       -56.3903	        34.5325	        1839.88	         2956.9	        306.718	        80.4033	        202.428	        879.234	        105.438	        676.902
	       -9.57139	       -17.3049	        349.295	        306.718	        1360.06	       -638.304	       -426.391	        227.344	       -28.2365	        387.722
	        303.481	        -7.2367	       -562.675	        80.4033	       -638.304	        8555.25	       -3173.88	        1160.44	       -14.2372	        579.286
	       -224.214	        26.1623	        677.883	        202.428	       -426.391	       -3173.88	        3035.31	        -459.81	       -14.4172	       -467.924
	       -12.7921	       -1.93556	        544.509	        879.234	        227.344	        1160.44	        -459.81	        804.888	        4.91881	        582.239
	       -22.6257	        5.77274	       -3.12931	        105.438	       -28.2365	       -14.2372	       -14.4172	        4.91881	        23.1687	       -9.38299
	         38.617	       -6.27192	        433.522	        676.902	        387.722	        579.286	       -467.924	        582.239	       -9.38299	        583.156
invIMIS 7
	        106.306	        9.02552	        57.8497	        129.748	        116.826	         202.57	       -231.511	        62.9419	       -8.34196	        74.5365
	        9.02552	         8.6435	       -9.89284	       -5.28256	       -21.3094	        40.0519	       -7.23899	       -11.4746	       0.704308	       -15.8778
	        57.8497	       -9.89284	        3356.37	        3370.11	        702.392	       -1648.24	        1393.31	        1152.37	       -13.1005	        969.692
	        129.748	       -5.28256	        3370.11	        4352.81	        710.576	       -80.5375	        607.692	         1665.1	        6.76013	        1350.46
	        116.826	       -21.3094	        702.392	        710.576	        2091.98	       -411.548	       -163.349	        337.784	       -46.6051	        391.977
	         202.57	        40.0519	       -1648.24	       -80.5375	       -411.548	        9633.77	       -3939.48	        1659.09	       -37.6054	        1010.07
	       -231.511	       -7.23899	        1393.31	        607.692	       -163.349	       -3939.48	         3467.9	       -456.389	        17.9144	       -351.907
	        62.9419	       -11.4746	        1152.37	         1665.1	        337.784	        1659.09	       -456.389	        1331.62	       -30.7271	        972.175
	       -8.34196	       0.704308	       -13.1005	        6.76013	       -46.6051	       -37.6054	        17.9144	       -30.7271	        17.6326	       -47.2061
	        74.5365	       -15.8778	        969.692	        1350.46	        391.977	        1010.07	       -351.907	        972.175	       -47.2061	        891.943
invIMIS 8
	        149.473	        7.70149	        160.187	        228.744	        235.306	        657.513	       -319.543	        185.194	       -14.6312	        155.499
	        7.70149	         5.7798	       -8.40262	       -10.0321	        33.3012	        7.07957	       -1.30341	       0.294435	      -0.282642	       -2.61201
	        160.187	       -8.40262	         8935.9	        9955.46	         854.11	       -2414.84	        3077.99	        3880.86	        16.6374	        2495.67
	        228.744	       -10.0321	        9955.46	        12714.3	        780.317	        53.5094	        2095.32	        5590.64	        25.8071	        3729.05
	        235.306	        33.3012	         854.11	        780.317	        2794.31	        577.544	       -423.209	        576.187	       -42.6574	         370.56
	        657.513	        7.07957	       -2414.84	        53.5094	        577.544	        14648.1	       -6847.62	        3056.91	       -23.5874	         2364.4
	       -319.543	       -1.30341	        3077.99	        2095.32	       -423.209	       -6847.62	        4754.42	       -465.316	        37.5881	       -505.076
	        185.194	       0.294435	        3880.86	        5590.64	        576.187	        3056.91	       -465.316	        3451.93	       0.711123	        2329.87
	       -14.6312	      -0.282642	        16.6374	        25.8071	       -42.6574	       -23.5874	        37.5881	       0.711123	        15.9768	       -7.54642
	        155.499	       -2.61201	        2495.67	        3729.05	         370.56	         2364.4	       -505.076	        2329.87	       -7.54642	        1685.22
invIMIS 9
	        132.596	      -0.707819	        113.694	        61.3056	         69.288	        211.323	       -206.959	        64.3912	       0.323908	        100.248
	      -0.707819	        12.1177	        26.5606	        52.7849	       -49.9672	        37.4268	       0.991247	        4.76995	        4.94616	        2.65926
	        113.694	        26.5606	        3285.14	        3123.35	        683.341	       -680.155	        881.958	        865.022	        27.8135	        683.305
	        61.3056	        52.7849	        3123.35	        4281.56	        433.838	        446.083	        700.095	        1306.61	        37.4982	        973.947
	         69.288	       -49.9672	        683.341	        433.838	         2000.7	       -670.582	        100.037	        180.054	       -72.7884	        347.464
	        211.323	        37.4268	       -680.155	        446.083	       -670.582	        9057.29	        -2591.9	        2115.51	        70.6915	        1300.88
	       -206.959	       0.991247	        881.958	        700.095	        100.037	        -2591.9	        2030.29	       -459.177	       -1.62784	       -334.607
	        64.3912	        4.76995	        865.022	        1306.61	        180.054	        2115.51	       -459.177	        1307.61	        -13.223	        918.875
	       0.323908	        4.94616	        27.8135	        37.4982	       -72.7884	        70.6915	       -1.62784	        -13.223	        15.8175	       -35.1809
	        100.248	        2.65926	        683.305	        973.947	        347.464	        1300.88	       -334.607	        918.875	       -35.1809	        832.842
invIMIS 10
	        122.814	        12.6404	        315.208	        337.538	      -0.606653	        645.677	       -310.082	        234.067	        12.5005	         202.73
	        12.6404	        11.0597	        18.0351	        24.3568	       -48.4626	        90.3574	       -53.3977	        22.4808	        6.67504	        1.37373
	        315.208	        18.0351	        5060.82	        5580.39	        1196.38	       -1234.42	         443.34	         1773.2	        5.25256	        1464.73
	        337.538	        24.3568	        5580.39	        7810.28	        1189.55	        652.705	        -182.48	        2868.26	        21.7989	        2250.91
	      -0.606653	       -48.4626	        1196.38	        1189.55	        2840.65	       -372.372	       -284.364	        792.034	       -135.637	         802.54
	        645.677	        90.3574	       -1234.42	        652.705	       -372.372	        15234.2	       -5342.13	        3225.86	        38.2736	        2111.31
	       -310.082	       -53.3977	         443.34	        -182.48	       -284.364	       -5342.13	        2502.65	        -946.67	       -3.96888	       -688.346
	        234.067	        22.4808	         1773.2	        2868.26	        792.034	        3225.86	        -946.67	         2481.8	       -53.1134	        1884.29
	        12.5005	        6.67504	        5.25256	        21.7989	       -135.637	        38.2736	       -3.96888	       -53.1134	        21.8225	       -77.3864
	         202.73	        1.37373	        1464.73	        2250.91	         802.54	        2111.31	       -688.346	        1884.29	       -77.3864	        1660.76
invIMIS 11
	        119.819	        3.63746	        152.853	        106.949	        65.7175	        42.5683	       -66.8455	       -44.1971	         9.7949	        7.34984
	        3.63746	        17.1925	        7.24517	        33.8394	        -35.283	        37.8578	       -2.16604	        18.0478	        3.55004	        9.42815
	        152.853	        7.24517	        2565.83	        2100.67	        367.031	       -590.052	        412.335	        765.196	       -26.7137	        546.859
	        106.949	        33.8394	        2100.67	        3142.27	        255.994	        584.886	       -75.3372	        1149.44	       -26.6487	          816.2
	        65.7175	        -35.283	        367.031	        255.994	        2808.04	       -93.5823	       -140.601	        112.144	       -57.0349	        257.003
	        42.5683	        37.8578	       -590.052	        584.886	       -93.5823	        7448.85	       -2480.96	        1452.71	        86.9219	        795.483
	       -66.8455	       -2.16604	        412.335	       -75.3372	       -140.601	       -2480.96	         2502.9	       -310.042	       -1.49793	       -248.438
	       -44.1971	        18.0478	        765.196	        1149.44	        112.144	        1452.71	       -310.042	        878.909	       -7.65612	        602.258
	         9.7949	        3.55004	       -26.7137	       -26.6487	       -57.0349	        86.9219	       -1.49793	       -7.65612	         13.342	       -29.5693
	        7.34984	        9.42815	        546.859	          816.2	        257.003	        795.483	       -248.438	        602.258	       -29.5693	        662.153
