cholIMIS 0
	              0	              0	              0	              0	              0	              0	              0	              0	              0	              0	              0
	              0	              0	              0	              0	              0	              0	              0	              0	              0	              0	              0
	              0	              0	              0	              0	              0	              0	              0	              0	              0	              0	              0
	              0	              0	              0	              0	              0	              0	              0	              0	              0	              0	              0
	              0	              0	              0	              0	              0	              0	              0	              0	              0	              0	              0
	              0	              0	              0	              0	              0	              0	              0	              0	              0	              0	              0
	              0	              0	              0	              0	              0	              0	              0	              0	              0	              0	              0
	              0	              0	              0	              0	              0	              0	              0	              0	              0	              0	              0
	              0	              0	              0	              0	              0	              0	              0	              0	              0	              0	              0
	              0	              0	              0	              0	              0	              0	              0	              0	              0	              0	              0
	              0	              0	              0	              0	              0	              0	              0	              0	              0	              0	              0
cholIMIS 1
	       0.371587	      0.0105827	    0.000938748	     0.00474418	    -0.00665228	     -0.0002632	    -0.00836956	       -0.01617	       0.136798	      0.0365738	      0.0400333
	              0	       0.744406	     -0.0202196	    -0.00492536	    -0.00322612	     0.00115595	    -0.00475864	    -0.00322821	      0.0437293	      0.0223727	     0.00696554
	              0	              0	       0.236199	     -0.0179727	     0.00440958	     0.00403774	     0.00149275	      0.0162797	     -0.0196019	      -0.018215	     -0.0125839
	              0	              0	              0	       0.219846	   -0.000578339	    2.16497e-05	     0.00187684	    -0.00436387	     -0.0458131	    -0.00673498	     -0.0063401
	              0	              0	              0	              0	      0.0612335	     0.00633841	      0.0109325	      0.0468587	      -0.125557	     -0.0618274	     -0.0666773
	              0	              0	              0	              0	              0	      0.0823042	   -0.000810993	     0.00616139	     -0.0669104	     -0.0114287	    -0.00469824
	              0	              0	              0	              0	              0	              0	      0.0588418	      0.0482774	      -0.148369	     -0.0520888	     -0.0591564
	              0	              0	              0	              0	              0	              0	              0	        0.26143	      -0.100335	     -0.0614725	     -0.0438627
	              0	              0	              0	              0	              0	              0	              0	              0	       0.810649	      0.0487509	      0.0489098
	              0	              0	              0	              0	              0	              0	              0	              0	              0	        0.29084	      0.0398614
	              0	              0	              0	              0	              0	              0	              0	              0	              0	              0	       0.230188
cholIMIS 2
	        0.54906	        1.48502	     -0.0704259	       0.032531	     -0.0152189	     -0.0697408	      -0.102627	     -0.0284965	       0.298573	       0.173891	     -0.0959359
	              0	       0.808254	     -0.0225645	      0.0114496	    -0.00238842	     -0.0256782	     -0.0401323	     -0.0239324	       0.156664	      0.0746548	       -0.05077
	              0	              0	       0.136792	     0.00383022	     0.00157867	     0.00691924	      0.0041522	   -0.000418662	      -0.041665	     -0.0056564	     0.00129835
	              0	              0	              0	       0.113739	     0.00106706	    -0.00126452	    -0.00370857	     -0.0125457	      0.0304278	     0.00361074	    -0.00299499
	              0	              0	              0	              0	      0.0327641	     0.00216543	   -0.000319726	     -0.0151368	     0.00225727	    0.000671437	     -0.0144607
	              0	              0	              0	              0	              0	      0.0487498	      0.0145844	      0.0166632	      -0.109272	     -0.0386382	   -0.000436951
	              0	              0	              0	              0	              0	              0	       0.047771	      0.0742769	      -0.238979	     -0.0817975	      0.0101853
	              0	              0	              0	              0	              0	              0	              0	       0.154331	      -0.115369	     -0.0416481	     0.00145309
	              0	              0	              0	              0	              0	              0	              0	              0	       0.477925	      0.0354273	      0.0151471
	              0	              0	              0	              0	              0	              0	              0	              0	              0	       0.160849	    -0.00101391
	              0	              0	              0	              0	              0	              0	              0	              0	              0	              0	       0.132011
cholIMIS 3
	       0.406163	     -0.0417646	     -0.0002486	     -0.0376335	     -0.0371512	     -0.0297786	     -0.0136218	    0.000740481	     -0.0885019	      0.0447555	       0.146633
	              0	       0.601209	    -0.00749296	      0.0196568	      0.0185931	      0.0130963	     0.00696779	      0.0752069	      -0.227991	      -0.114588	     -0.0908029
	              0	              0	       0.127748	    -0.00197652	    -0.00338028	    0.000524048	   -0.000902667	     -0.0125446	     -0.0115628	    -0.00292541	     0.00875333
	              0	              0	              0	       0.123389	     0.00455855	     0.00288838	    0.000803742	     0.00231795	      0.0117836	     -0.0160523	     -0.0165221
	              0	              0	              0	              0	      0.0461534	      0.0166287	      0.0129043	      0.0414759	     -0.0586401	      -0.072119	     -0.0635236
	              0	              0	              0	              0	              0	      0.0457532	     0.00350118	     0.00119015	     -0.0233533	     -0.0138542	     -0.0146531
	              0	              0	              0	              0	              0	              0	      0.0377734	      0.0737927	       -0.15139	     -0.0438686	     -0.0440955
	              0	              0	              0	              0	              0	              0	              0	       0.165043	      -0.131539	     -0.0520634	     -0.0470255
	              0	              0	              0	              0	              0	              0	              0	              0	       0.491113	      0.0403814	     0.00111726
	              0	              0	              0	              0	              0	              0	              0	              0	              0	       0.175449	      0.0127225
	              0	              0	              0	              0	              0	              0	              0	              0	              0	              0	       0.153125
cholIMIS 4
	        0.18945	      0.0612025	      -0.003396	     -0.0116884	    -0.00813475	    -0.00907944	    -0.00037979	       0.029105	     -0.0764092	     -0.0214587	      0.0409714
	              0	       0.413936	     0.00589778	    -0.00704555	     0.00790354	     0.00563628	     0.00358105	       0.140009	      0.0276255	      -0.160585	     -0.0570056
	              0	              0	      0.0675201	     -0.0117754	     0.00109179	     0.00139607	    0.000587527	      0.0153475	        0.10181	     -0.0208598	      0.0173488
	              0	              0	              0	      0.0723107	      0.0015208	     0.00290643	    -0.00285821	     -0.0534374	      -0.123004	       0.029276	     -0.0100428
	              0	              0	              0	              0	      0.0257925	     0.00586477	     0.00245114	     -0.0103323	       0.141923	     -0.0170309	     -0.0131235
	              0	              0	              0	              0	              0	      0.0259818	      0.0111234	    -0.00451569	     -0.0452719	      -0.018372	      0.0176008
	              0	              0	              0	              0	              0	              0	      0.0282483	      0.0377069	     -0.0226048	     -0.0371526	       0.026034
	              0	              0	              0	              0	              0	              0	              0	       0.168164	      0.0689055	      -0.110132	     -0.0539707
	              0	              0	              0	              0	              0	              0	              0	              0	       0.382837	    0.000591414	        0.02925
	              0	              0	              0	              0	              0	              0	              0	              0	              0	        0.10745	     0.00323683
	              0	              0	              0	              0	              0	              0	              0	              0	              0	              0	      0.0877289
cholIMIS 5
	       0.177159	      -0.149358	     -0.0171844	     -0.0231576	      0.0103342	    -0.00840682	      0.0141126	      0.0511861	     -0.0057482	      0.0290975	      0.0279788
	              0	       0.257558	    -0.00382694	      0.0136495	     -0.0161221	   -0.000924382	    -0.00256939	      0.0463704	      -0.133944	     -0.0909572	    -0.00937124
	              0	              0	      0.0489803	    -0.00375186	     -0.0080625	      0.0055333	    -0.00717096	     -0.0497043	      0.0392659	     -0.0216315	      0.0322291
	              0	              0	              0	       0.056342	     -0.0164114	     0.00756665	    -0.00839968	     -0.0589642	     -0.0879317	     -0.0621191	      0.0158587
	              0	              0	              0	              0	      0.0305322	     0.00209911	     0.00761614	      0.0328906	       0.184403	     0.00428051	    -0.00960195
	              0	              0	              0	              0	              0	      0.0161288	     0.00176623	     -0.0214421	      0.0792246	      -0.044031	      0.0213072
	              0	              0	              0	              0	              0	              0	      0.0169423	      0.0324095	     -0.0690135	      0.0161195	     -0.0103428
	              0	              0	              0	              0	              0	              0	              0	      0.0964387	      0.0434123	     -0.0658131	     -0.0164466
	              0	              0	              0	              0	              0	              0	              0	              0	       0.300216	     -0.0515752	      0.0549073
	              0	              0	              0	              0	              0	              0	              0	              0	              0	      0.0996344	     -0.0277707
	              0	              0	              0	              0	              0	              0	              0	              0	              0	              0	       0.062734
cholIMIS 6
	       0.117813	     -0.0629973	    -0.00267852	     -0.0142619	     0.00892722	    -0.00680477	     0.00481418	     0.00874609	      -0.116537	      0.0246481	      0.0240729
	              0	       0.171238	    -0.00971362	    0.000420834	    -0.00875725	    0.000199218	     0.00865613	      0.0285945	     -0.0211371	     -0.0333732	    0.000620872
	              0	              0	      0.0310605	    -0.00838308	   -3.12706e-05	      0.0016215	    -0.00461006	     -0.0200157	     -0.0967738	     -0.0256987	      0.0272244
	              0	              0	              0	      0.0298346	     0.00423143	    -0.00104243	     -0.0103627	     -0.0135689	      0.0128995	     -0.0333665	     0.00515137
	              0	              0	              0	              0	      0.0318097	    -0.00827322	     -0.0110661	      0.0224947	      0.0173094	     -0.0122483	     0.00297928
	              0	              0	              0	              0	              0	      0.0133699	      0.0122448	     -0.0307591	     -0.0779051	     0.00507377	     0.00799829
	              0	              0	              0	              0	              0	              0	      0.0137489	     0.00550904	     -0.0436108	      0.0304021	     -0.0171323
	              0	              0	              0	              0	              0	              0	              0	      0.0572578	      0.0802474	     -0.0373835	    -0.00645321
	              0	              0	              0	              0	              0	              0	              0	              0	       0.245841	     0.00393899	    0.000673061
	              0	              0	              0	              0	              0	              0	              0	              0	              0	      0.0755498	     -0.0506571
	              0	              0	              0	              0	              0	              0	              0	              0	              0	              0	      0.0420027
cholIMIS 7
	       0.134633	      -0.109859	    -0.00296486	    -0.00727012	     0.00141799	     -0.0061332	     0.00380399	    -0.00673957	     -0.0800998	      0.0276777	      0.0152704
	              0	       0.313613	    -0.00447098	     0.00410055	     -0.0110578	    -0.00137492	     0.00292803	      0.0615685	      0.0273445	     -0.0804612	     -0.0151888
	              0	              0	      0.0409722	     -0.0326016	     0.00343793	     0.00102424	     0.00165352	    -0.00536447	      0.0153338	      0.0116245	     0.00237057
	              0	              0	              0	      0.0383168	    -0.00647369	     0.00501873	      -0.010489	     -0.0600461	     -0.0795444	    -0.00926077	     0.00753338
	              0	              0	              0	              0	      0.0316616	   -0.000128815	    -0.00406043	     0.00612979	      0.0393759	     -0.0283055	     0.00829909
	              0	              0	              0	              0	              0	      0.0150972	      0.0153305	       -0.01791	     0.00227107	      0.0107284	    -0.00606083
	              0	              0	              0	              0	              0	              0	      0.0173388	      0.0167036	      0.0337845	     0.00313638	    -0.00516468
	              0	              0	              0	              0	              0	              0	              0	       0.074601	       0.105916	     -0.0468298	     -0.0257199
	              0	              0	              0	              0	              0	              0	              0	              0	       0.331921	     0.00380783	    -0.00905283
	              0	              0	              0	              0	              0	              0	              0	              0	              0	       0.106641	     -0.0840494
	              0	              0	              0	              0	              0	              0	              0	              0	              0	              0	      0.0491774
cholIMIS 8
	       0.169814	        0.07394	     -0.0261067	      0.0170858	     -0.0131577	     -0.0127585	    -0.00899679	     -0.0394006	       0.367012	      0.0614788	      0.0206682
	              0	       0.334308	    -0.00927433	       0.013958	    -0.00945669	    0.000831987	     -0.0033727	     -0.0168514	       0.115654	      0.0150097	     -0.0135847
	              0	              0	      0.0391487	     -0.0358236	     0.00405228	     0.00523528	     0.00754988	      0.0116651	        0.22614	      0.0120226	     -0.0025965
	              0	              0	              0	      0.0284599	    0.000855699	     0.00216503	    -0.00669604	     -0.0287686	      -0.161803	     -0.0119725	    -0.00241761
	              0	              0	              0	              0	      0.0227399	      0.0050087	     0.00248086	    -0.00389568	      0.0090344	    -0.00719336	    -0.00298761
	              0	              0	              0	              0	              0	      0.0127141	       0.012113	     -0.0110205	      0.0824585	      0.0110684	    -0.00936568
	              0	              0	              0	              0	              0	              0	      0.0152311	      0.0407135	     -0.0991254	      -0.044285	    -0.00238352
	              0	              0	              0	              0	              0	              0	              0	       0.073976	      -0.222792	     -0.0976984	    -0.00475326
	              0	              0	              0	              0	              0	              0	              0	              0	       0.431133	      0.0317007	    -0.00849452
	              0	              0	              0	              0	              0	              0	              0	              0	              0	      0.0820771	     -0.0566513
	              0	              0	              0	              0	              0	              0	              0	              0	              0	              0	      0.0412193
cholIMIS 9
	       0.223349	      -0.183547	     -0.0442792	      0.0233832	    -0.00890727	    -0.00723376	      0.0110993	     -0.0197009	     -0.0684581	      0.0100748	      0.0594694
	              0	       0.325391	      0.0211853	     -0.0211893	     -0.0197167	    -0.00683302	    -0.00272136	      0.0444418	      0.0147065	     -0.0426025	   -0.000672677
	              0	              0	      0.0472274	     -0.0350484	    0.000251246	    8.75831e-05	    -0.00313795	     -0.0003362	     0.00862052	     -0.0136086	      0.0216923
	              0	              0	              0	      0.0383078	     0.00196859	     0.00530604	    -0.00818568	     -0.0352834	       0.036426	    -0.00956499	     -0.0149662
	              0	              0	              0	              0	      0.0286682	     0.00618153	     0.00485751	     0.00415537	     -0.0293013	     -0.0333562	      0.0152485
	              0	              0	              0	              0	              0	      0.0171823	      0.0183095	       -0.01473	      -0.101119	     -0.0164429	      0.0194148
	              0	              0	              0	              0	              0	              0	      0.0202493	     0.00772926	      -0.107418	     0.00025433	      0.0230749
	              0	              0	              0	              0	              0	              0	              0	      0.0784131	      0.0894189	     -0.0461834	     -0.0316032
	              0	              0	              0	              0	              0	              0	              0	              0	       0.372614	      0.0134801	     -0.0205111
	              0	              0	              0	              0	              0	              0	              0	              0	              0	      0.0894096	     -0.0610106
	              0	              0	              0	              0	              0	              0	              0	              0	              0	              0	      0.0557301
cholIMIS 10
	       0.139731	      -0.125753	      -0.021166	      0.0145876	     0.00302822	    -0.00830898	    0.000559037	    -0.00919021	     -0.0314248	    -0.00600104	      0.0412584
	              0	       0.363828	     -0.0107668	     0.00972626	     -0.0123805	     -0.0027986	     0.00283301	      0.0120711	     -0.0702905	      0.0238557	     -0.0498635
	              0	              0	      0.0461018	     -0.0398329	     -0.0109197	    -0.00945512	     -0.0136006	      0.0472076	      0.0760053	     -0.0290751	    -0.00361663
	              0	              0	              0	      0.0337212	     0.00590683	      0.0054359	    -0.00360994	     -0.0558159	     -0.0109654	      0.0173747	    -0.00391488
	              0	              0	              0	              0	      0.0226099	     0.00180669	    -0.00117147	     -0.0121097	     -0.0142605	      -0.014313	      0.0285064
	              0	              0	              0	              0	              0	      0.0166868	      0.0193501	     -0.0294782	      -0.037884	     0.00346491	      0.0132599
	              0	              0	              0	              0	              0	              0	      0.0177479	      0.0105497	     -0.0350179	       -0.01727	      0.0272144
	              0	              0	              0	              0	              0	              0	              0	       0.092327	       0.088753	      -0.074947	     -0.0247858
	              0	              0	              0	              0	              0	              0	              0	              0	       0.271054	      -0.027381	      0.0197821
	              0	              0	              0	              0	              0	              0	              0	              0	              0	      0.0999363	     -0.0869009
	              0	              0	              0	              0	              0	              0	              0	              0	              0	              0	      0.0517441
cholIMIS 11
	        0.18955	     0.00723145	     -0.0277288	      0.0138381	     -0.0145375	    -0.00550162	      0.0115233	     0.00575642	     -0.0490614	      0.0175428	     -0.0236135
	              0	       0.597446	    -0.00127707	     0.00445038	    -0.00749434	    -0.00252996	    -0.00143334	     -0.0396519	      -0.139683	      0.0354583	     -0.0401102
	              0	              0	        0.03734	     -0.0319894	    -0.00374383	    -0.00538018	     -0.0121095	      0.0393232	      0.0776511	     -0.0108132	     -0.0365528
	              0	              0	              0	      0.0239607	     0.00136958	      0.0040549	     -0.0028344	     -0.0562832	     0.00486983	     0.00596136	      0.0185112
	              0	              0	              0	              0	      0.0198387	      0.0016872	    -0.00347165	     -0.0061548	     -0.0570713	     0.00695432	    -0.00513469
	              0	              0	              0	              0	              0	      0.0132369	      0.0186142	     -0.0281852	      0.0174937	     0.00242665	      0.0111935
	              0	              0	              0	              0	              0	              0	      0.0150083	     -0.0115821	     -0.0223337	     0.00100452	       0.031855
	              0	              0	              0	              0	              0	              0	              0	      0.0838545	      0.0395756	      -0.040796	     -0.0554064
	              0	              0	              0	              0	              0	              0	              0	              0	       0.274771	     -0.0203435	     0.00980602
	              0	              0	              0	              0	              0	              0	              0	              0	              0	      0.0792133	     -0.0777943
	              0	              0	              0	              0	              0	              0	              0	              0	              0	              0	      0.0420539
cholIMIS 12
	       0.197923	      0.0132717	     -0.0138241	    0.000639563	     -0.0130904	    -0.00467119	      0.0100047	       0.037557	      0.0797592	     0.00202675	     -0.0430085
	              0	       0.413897	     -0.0037614	     -0.0046595	     -0.0112073	     0.00501336	      0.0140278	     0.00417591	       0.077508	    -0.00714885	    -0.00610572
	              0	              0	      0.0330695	      -0.024315	    -0.00521069	    -0.00790277	     -0.0156113	      0.0294808	      -0.120132	   -0.000382274	     -0.0366707
	              0	              0	              0	      0.0287565	    -0.00299324	     0.00528757	    -0.00108447	     -0.0428611	      0.0308921	     -0.0313743	      0.0252882
	              0	              0	              0	              0	      0.0253076	     0.00467165	     0.00529474	     -0.0104534	       0.103045	        0.03307	     -0.0238046
	              0	              0	              0	              0	              0	      0.0153394	      0.0197248	    -0.00728552	       0.169027	     -0.0198713	      0.0129678
	              0	              0	              0	              0	              0	              0	      0.0163655	     0.00481918	      0.0723392	      0.0109674	    -0.00919652
	              0	              0	              0	              0	              0	              0	              0	       0.084109	     -0.0422351	     -0.0694581	     -0.0360996
	              0	              0	              0	              0	              0	              0	              0	              0	       0.343603	      0.0155517	      -0.020339
	              0	              0	              0	              0	              0	              0	              0	              0	              0	       0.086873	     -0.0830402
	              0	              0	              0	              0	              0	              0	              0	              0	              0	              0	      0.0455879
cholIMIS 13
	       0.118725	     -0.0499694	     -0.0114377	    0.000644383	      -0.010234	    -0.00642431	      0.0042499	      0.0335634	    -0.00450084	    -0.00110843	      -0.022194
	              0	       0.647562	      0.0319261	     -0.0369457	    0.000263434	    -0.00263349	     0.00228055	     -0.0201823	       -0.06051	    -0.00501494	      0.0235203
	              0	              0	      0.0358285	      -0.025478	    -0.00190443	    -0.00260276	    -0.00824836	      0.0205703	     -0.0244867	     -0.0363833	       0.020719
	              0	              0	              0	      0.0308526	     0.00495269	     0.00480225	    -0.00048983	     -0.0500432	     -0.0246075	      0.0033473	     0.00298851
	              0	              0	              0	              0	      0.0253172	     0.00261685	     0.00191371	     -0.0447225	     -0.0186271	       0.035681	      0.0260252
	              0	              0	              0	              0	              0	      0.0133366	       0.013908	     -0.0245447	      0.0252971	     0.00723718	      0.0115343
	              0	              0	              0	              0	              0	              0	      0.0136307	     0.00309519	       0.059941	      0.0175925	    -0.00140937
	              0	              0	              0	              0	              0	              0	              0	      0.0712554	      0.0190979	     -0.0443836	     -0.0287081
	              0	              0	              0	              0	              0	              0	              0	              0	        0.22058	    -0.00455992	     0.00644504
	              0	              0	              0	              0	              0	              0	              0	              0	              0	      0.0638999	     -0.0487216
	              0	              0	              0	              0	              0	              0	              0	              0	              0	              0	      0.0448968
cholIMIS 14
	       0.306882	      -0.136794	     -0.0372079	     0.00174889	     0.00113693	    -0.00991176	      0.0298082	      0.0524832	     -0.0854193	      0.0473506	      -0.037786
	              0	       0.437241	      0.0109527	     -0.0188918	    -0.00832877	    -0.00380327	     0.00557194	      0.0705975	      0.0394721	     -0.0382101	     -0.0421417
	              0	              0	      0.0254733	     -0.0245575	    0.000890379	    -0.00479351	    -0.00508234	      0.0659723	     -0.0582564	    -0.00667836	      -0.065308
	              0	              0	              0	      0.0226645	    -0.00491781	     0.00374464	    -0.00843614	     -0.0557945	       0.121158	     -0.0265606	      0.0459904
	              0	              0	              0	              0	       0.015664	     0.00379145	     0.00674964	    -0.00947125	     -0.0154705	     0.00769032	     0.00538094
	              0	              0	              0	              0	              0	      0.0133679	       0.021921	     -0.0245132	      0.0594917	     -0.0131399	      0.0325765
	              0	              0	              0	              0	              0	              0	      0.0155282	      0.0150813	      -0.107351	     -0.0071223	    -0.00180245
	              0	              0	              0	              0	              0	              0	              0	       0.055087	       0.046937	     -0.0444093	     -0.0258243
	              0	              0	              0	              0	              0	              0	              0	              0	       0.331975	    -0.00471039	     0.00383807
	              0	              0	              0	              0	              0	              0	              0	              0	              0	      0.0836355	      -0.082166
	              0	              0	              0	              0	              0	              0	              0	              0	              0	              0	      0.0306155
cholIMIS 15
	       0.397353	      -0.247559	      -0.050258	      0.0239498	      0.0126493	    -0.00805831	      0.0230629	     0.00757261	      -0.105592	     0.00753888	      0.0139013
	              0	        0.55257	     0.00305133	    -0.00649042	    -0.00351825	    -0.00113889	     0.00359669	      0.0365031	    -0.00682115	     -0.0385763	     -0.0237736
	              0	              0	      0.0334215	      -0.023451	     0.00541763	     0.00269715	    -0.00724169	      0.0511003	       0.197949	      0.0142472	     -0.0980069
	              0	              0	              0	      0.0242202	     0.00299559	       0.010087	    0.000394619	     -0.0550812	         0.1333	     -0.0177651	      0.0324558
	              0	              0	              0	              0	      0.0207106	      0.0110955	      0.0133362	     -0.0117169	       0.111607	     -0.0135446	      0.0138439
	              0	              0	              0	              0	              0	      0.0140024	      0.0261434	     -0.0110399	      0.0906932	     -0.0167545	      0.0228893
	              0	              0	              0	              0	              0	              0	      0.0157552	      0.0129668	     -0.0112047	     0.00858234	     -0.0246275
	              0	              0	              0	              0	              0	              0	              0	       0.060577	      0.0356952	     -0.0692798	      -0.009718
	              0	              0	              0	              0	              0	              0	              0	              0	       0.357722	     0.00446019	     -0.0160567
	              0	              0	              0	              0	              0	              0	              0	              0	              0	      0.0937573	     -0.0979231
	              0	              0	              0	              0	              0	              0	              0	              0	              0	              0	      0.0278733
cholIMIS 16
	       0.243968	       -0.11726	     -0.0268763	    0.000432293	    -0.00489914	      -0.011829	      0.0100227	      0.0485666	     -0.0442268	       0.084579	     -0.0977549
	              0	        0.36066	   -0.000261313	    -0.00529347	    -0.00274687	    -0.00333518	     0.00483914	      0.0292747	     -0.0340958	     -0.0400781	     0.00963002
	              0	              0	      0.0352095	     -0.0245945	    0.000775582	    0.000939728	     -0.0101394	      0.0149543	      0.0798501	     0.00299832	     -0.0200214
	              0	              0	              0	      0.0345065	    -0.00370387	     0.00475614	     -0.0148897	     -0.0783454	      0.0496461	    -0.00954066	      0.0505925
	              0	              0	              0	              0	      0.0215033	     0.00523689	      0.0125746	      0.0104702	     -0.0424703	     -0.0383558	      0.0169693
	              0	              0	              0	              0	              0	       0.013349	      0.0167969	    -0.00653286	      0.0403973	     -0.0233221	      0.0200044
	              0	              0	              0	              0	              0	              0	      0.0279618	      0.0441867	      -0.162552	     -0.0586611	      0.0177275
	              0	              0	              0	              0	              0	              0	              0	      0.0764818	      0.0103096	     -0.0191346	     -0.0708133
	              0	              0	              0	              0	              0	              0	              0	              0	       0.343458	      0.0313869	     -0.0294237
	              0	              0	              0	              0	              0	              0	              0	              0	              0	       0.122405	      -0.113345
	              0	              0	              0	              0	              0	              0	              0	              0	              0	              0	      0.0525244
cholIMIS 17
	       0.253298	       -0.23121	     -0.0115841	    -0.00713353	   -0.000922458	    -0.00842927	     -0.0026527	      0.0343588	      -0.139744	      0.0587725	     -0.0678485
	              0	       0.472857	     -0.0178408	     0.00324768	    -0.00179583	    -0.00638555	      0.0176795	      0.0191293	       -0.31162	      -0.078589	       0.038677
	              0	              0	      0.0350003	     -0.0227539	    -0.00117294	     0.00697375	     -0.0103184	      0.0270195	       0.321406	      0.0332522	     -0.0645729
	              0	              0	              0	      0.0245284	    -0.00708098	     0.00703693	    -0.00606766	     -0.0817745	       0.261991	      0.0483874	      0.0231341
	              0	              0	              0	              0	      0.0213958	     0.00925719	      0.0140529	     0.00439151	    -0.00122299	     -0.0277441	     0.00103153
	              0	              0	              0	              0	              0	      0.0129129	      0.0182363	   -6.14928e-05	      0.0294235	     -0.0306769	      0.0293021
	              0	              0	              0	              0	              0	              0	      0.0171021	      0.0016829	      -0.025899	     -0.0136057	     0.00455397
	              0	              0	              0	              0	              0	              0	              0	      0.0505964	      0.0424949	     -0.0557703	    -0.00832805
	              0	              0	              0	              0	              0	              0	              0	              0	       0.336772	      0.0204068	     -0.0111987
	              0	              0	              0	              0	              0	              0	              0	              0	              0	      0.0806248	     -0.0738067
	              0	              0	              0	              0	              0	              0	              0	              0	              0	              0	      0.0308529
cholIMIS 18
	       0.166762	    -0.00526691	     -0.0150844	     0.00019137	    -0.00959486	    -0.00663713	      0.0110641	      0.0205637	      -0.152356	      0.0271659	     -0.0298741
	              0	       0.519087	      0.0243575	     -0.0194091	     -0.0045589	    0.000942874	    0.000745086	    -0.00395548	     -0.0131087	    -0.00519737	     -0.0222853
	              0	              0	      0.0334855	      -0.020574	     0.00514341	    -0.00180278	     -0.0136714	     0.00830837	       0.126852	     0.00920667	      -0.026251
	              0	              0	              0	      0.0278332	      0.0036426	     0.00453341	    -0.00901505	     -0.0482177	     -0.0075207	    -0.00360924	     0.00458985
	              0	              0	              0	              0	      0.0229996	     0.00632507	     0.00610744	     -0.0331827	       0.117701	        0.03889	    -0.00139102
	              0	              0	              0	              0	              0	      0.0154585	      0.0229925	        -0.0317	     0.00137201	      0.0329417	    -0.00424973
	              0	              0	              0	              0	              0	              0	      0.0167277	     0.00250558	     -0.0675981	     0.00813249	     0.00412906
	              0	              0	              0	              0	              0	              0	              0	      0.0671076	      0.0766995	        -0.0586	     -0.0193076
	              0	              0	              0	              0	              0	              0	              0	              0	       0.343789	      0.0293076	     -0.0291557
	              0	              0	              0	              0	              0	              0	              0	              0	              0	       0.112205	      -0.109893
	              0	              0	              0	              0	              0	              0	              0	              0	              0	              0	      0.0368595
