invIMIS 0
	              0	              0	              0	              0	              0	              0	              0	              0	              0	              0	              0
	              0	              0	              0	              0	              0	              0	              0	              0	              0	              0	              0
	              0	              0	              0	              0	              0	              0	              0	              0	              0	              0	              0
	              0	              0	              0	              0	              0	              0	              0	              0	              0	              0	              0
	              0	              0	              0	              0	              0	              0	              0	              0	              0	              0	              0
	              0	              0	              0	              0	              0	              0	              0	              0	              0	              0	              0
	              0	              0	              0	              0	              0	              0	              0	              0	              0	              0	              0
	              0	              0	              0	              0	              0	              0	              0	              0	              0	              0	              0
	              0	              0	              0	              0	              0	              0	              0	              0	              0	              0	              0
	              0	              0	              0	              0	              0	              0	              0	              0	              0	              0	              0
	              0	              0	              0	              0	              0	              0	              0	              0	              0	              0	              0
invIMIS 1
	        7.62064	      0.0127447	      -0.239796	      -0.410982	        2.24806	       -0.49304	        3.62868	      -0.163408	      -0.351698	      -0.396546	      -0.833341
	      0.0127447	        1.83965	       0.475676	       0.152635	       0.688448	      -0.398671	        1.45308	      -0.121582	     -0.0487781	      -0.230126	       0.109532
	      -0.239796	       0.475676	         18.235	        1.57337	       -3.52318	       -2.13092	      0.0248067	      -0.565004	     -0.0146721	       0.463501	       0.290191
	      -0.410982	       0.152635	        1.57337	        20.7931	        1.62505	       0.151358	       -1.95506	       0.561102	       0.279484	       0.194953	       0.229167
	        2.24806	       0.688448	       -3.52318	        1.62505	         297.71	       -12.9804	        -28.237	       -5.24393	       0.881215	        5.63037	          12.05
	       -0.49304	      -0.398671	       -2.13092	       0.151358	       -12.9804	        148.816	        6.99437	      -0.557431	        1.17623	       0.957858	      -0.122016
	        3.62868	        1.45308	      0.0248067	       -1.95506	        -28.237	        6.99437	        317.949	       -7.87817	        2.31321	        4.91414	        12.4156
	      -0.163408	      -0.121582	      -0.565004	       0.561102	       -5.24393	      -0.557431	       -7.87817	        15.6393	       0.319653	        2.20806	        2.18093
	      -0.351698	     -0.0487781	     -0.0146721	       0.279484	       0.881215	        1.17623	        2.31321	       0.319653	        1.61569	      -0.576215	      -0.983113
	      -0.396546	      -0.230126	       0.463501	       0.194953	        5.63037	       0.957858	        4.91414	        2.20806	      -0.576215	        12.1766	       -2.58662
	      -0.833341	       0.109532	       0.290191	       0.229167	          12.05	      -0.122016	        12.4156	        2.18093	      -0.983113	       -2.58662	        18.8727
invIMIS 2
	        16.8836	       -2.62333	        1.59879	       -1.51232	        15.9014	        10.5382	        26.7231	       -3.39402	       0.947079	      -0.346258	      -0.092332
	       -2.62333	        2.91627	       0.507485	      -0.615939	        2.80413	        7.43608	        19.3155	       -1.82244	       0.166853	      -0.551247	        3.09503
	        1.59879	       0.507485	        54.9927	       -2.53095	       -8.96695	       -18.5245	       -7.85617	        1.86336	       0.747941	       -1.01459	      -0.994037
	       -1.51232	      -0.615939	       -2.53095	        78.0586	        -7.1389	         1.7381	        9.60909	        2.56892	      -0.398043	        1.81065	         1.0071
	        15.9014	        2.80413	       -8.96695	        -7.1389	        952.615	       -26.5829	       -15.9652	        19.1312	       0.131966	         3.1251	        24.2515
	        10.5382	        7.43608	       -18.5245	         1.7381	       -26.5829	        466.277	       -116.114	        9.91872	        2.85793	        9.73983	        2.67653
	        26.7231	        19.3155	       -7.85617	        9.60909	       -15.9652	       -116.114	        649.197	       -43.7852	        14.5042	        38.8474	       -18.0141
	       -3.39402	       -1.82244	        1.86336	        2.56892	        19.1312	        9.91872	       -43.7852	        46.2671	        2.71696	        8.27722	       -1.82224
	       0.947079	       0.166853	       0.747941	      -0.398043	       0.131966	        2.85793	        14.5042	        2.71696	        4.64978	       -2.87673	       -1.84547
	      -0.346258	      -0.551247	       -1.01459	        1.81065	         3.1251	        9.73983	        38.8474	        8.27722	       -2.87673	        38.6534	        0.36171
	      -0.092332	        3.09503	      -0.994037	         1.0071	        24.2515	        2.67653	       -18.0141	       -1.82224	       -1.84547	        0.36171	        57.3827
invIMIS 3
	        13.7853	        -1.2064	        1.15629	        3.28493	         26.455	        15.6266	        8.62801	       -5.25098	        1.23097	        1.13171	       -9.79059
	        -1.2064	        4.31595	       0.522682	       -1.26747	        -5.4064	       -3.64852	        10.2291	       -1.09195	       0.855062	        2.54344	        2.83134
	        1.15629	       0.522682	        62.2034	       0.694496	        14.9414	       -5.75276	        -2.6053	        3.64149	       0.540144	        2.35712	      -0.806831
	        3.28493	       -1.26747	       0.694496	        66.9748	       -10.7237	       -3.70024	        4.50662	        1.41485	      -0.735661	        2.56628	        3.44608
	         26.455	        -5.4064	        14.9414	       -10.7237	        643.976	       -144.622	       -119.579	        1.99268	       -3.69075	        31.8777	        33.1672
	        15.6266	       -3.64852	       -5.75276	       -3.70024	       -144.622	        487.076	       -50.7125	        10.1959	       0.682709	        6.63842	         10.615
	        8.62801	        10.2291	        -2.6053	        4.50662	       -119.579	       -50.7125	         884.06	       -54.2725	        9.33493	        9.36719	         24.747
	       -5.25098	       -1.09195	        3.64149	        1.41485	        1.99268	        10.1959	       -54.2725	        44.3691	        2.67852	         7.2994	        11.3015
	        1.23097	       0.855062	       0.540144	      -0.735661	       -3.69075	       0.682709	        9.33493	        2.67852	        4.36629	       -2.68254	       0.157265
	        1.13171	        2.54344	        2.35712	        2.56628	        31.8777	        6.63842	        9.36719	         7.2994	       -2.68254	        32.7103	       -3.09262
	       -9.79059	        2.83134	      -0.806831	        3.44608	        33.1672	         10.615	         24.747	        11.3015	       0.157265	       -3.09262	        42.6486
invIMIS 4
	        44.3393	       -3.85914	        8.87379	        4.58299	        9.46123	        74.7199	        33.2188	       -8.38933	        4.39398	         4.1353	       -33.3183
	       -3.85914	         12.461	      -0.517751	      -0.693947	       -26.6216	       -12.9972	        17.1017	       -3.69894	         1.2009	        11.9384	        2.10203
	        8.87379	      -0.517751	        242.065	        17.5204	      -0.826543	       -39.5064	        51.4654	       -1.78179	       -5.45328	        13.1272	       -25.6671
	        4.58299	      -0.693947	        17.5204	        233.649	       -41.2664	       -55.0024	        20.4866	        29.8525	        8.58549	        3.87253	        24.5943
	        9.46123	       -26.6216	      -0.826543	       -41.2664	        2073.53	       -356.112	       -272.605	        124.417	       -53.3872	        59.8895	        157.849
	        74.7199	       -12.9972	       -39.5064	       -55.0024	       -356.112	        1776.08	       -509.796	        52.7697	        8.83457	        55.1771	       -19.0075
	        33.2188	        17.1017	        51.4654	        20.4866	       -272.605	       -509.796	        1624.57	       -89.3871	        23.6789	        43.7573	       -190.501
	       -8.38933	       -3.69894	       -1.78179	        29.8525	        124.417	        52.7697	       -89.3871	         88.093	       -6.18219	        55.4779	        43.2021
	        4.39398	         1.2009	       -5.45328	        8.58549	       -53.3872	        8.83457	        23.6789	       -6.18219	        7.58069	       0.165062	       -9.92112
	         4.1353	        11.9384	        13.1272	        3.87253	        59.8895	        55.1771	        43.7573	        55.4779	       0.165062	        86.7325	       -3.91408
	       -33.3183	        2.10203	       -25.6671	        24.5943	        157.849	       -19.0075	       -190.501	        43.2021	       -9.92112	       -3.91408	        129.932
invIMIS 5
	        87.6924	        24.2202	        23.1666	        20.5525	       -6.37722	        125.598	       -142.512	        -20.557	        13.0214	         14.699	       -56.0022
	        24.2202	        29.4018	       -3.00901	        3.26161	        39.9156	        26.2195	       0.434009	       -14.6914	        4.37329	        19.3892	        4.97372
	        23.1666	       -3.00901	        619.528	        227.089	        105.997	       -399.035	        290.026	        57.8387	       -3.44202	        13.1648	       -19.8337
	        20.5525	        3.26161	        227.089	        649.128	        88.9971	       -310.558	         102.03	        116.204	         16.272	        110.457	        62.2547
	       -6.37722	        39.9156	        105.997	        88.9971	        2258.12	        -176.43	       -1023.45	       -56.5928	       -128.304	       -109.412	        212.346
	        125.598	        26.2195	       -399.035	       -310.558	        -176.43	        5514.31	       -1632.01	        452.009	       -44.4584	        341.403	        196.697
	       -142.512	       0.434009	        290.026	         102.03	       -1023.45	       -1632.01	         4607.2	       -424.511	        65.0463	       -213.555	       -256.894
	        -20.557	       -14.6914	        57.8387	        116.204	       -56.5928	        452.009	       -424.511	        191.802	       -8.98332	        90.8084	        107.107
	        13.0214	        4.37329	       -3.44202	         16.272	       -128.304	       -44.4584	        65.0463	       -8.98332	        18.6996	        7.74397	       -34.3051
	         14.699	        19.3892	        13.1648	        110.457	       -109.412	        341.403	       -213.555	        90.8084	        7.74397	        120.475	        70.8225
	       -56.0022	        4.97372	       -19.8337	        62.2547	        212.346	        196.697	       -256.894	        107.107	       -34.3051	        70.8225	        254.094
invIMIS 6
	        205.857	        42.5588	        73.1686	        3.34432	       -9.98173	        727.407	       -403.192	        -26.324	        18.2808	       -30.3295	       -114.303
	        42.5588	        64.5035	        51.5272	       -6.04442	        53.0241	        252.191	       -235.232	        -3.4898	        5.68084	        61.4063	        27.2342
	        73.1686	        51.5272	        1896.42	        954.621	        72.4536	       -677.617	        1174.51	        231.403	        43.4552	        177.604	        44.4774
	        3.34432	       -6.04442	        954.621	        2052.41	       -76.1363	       -360.739	        1021.36	         445.54	       -7.74777	        394.017	        409.171
	       -9.98173	        53.0241	        72.4536	       -76.1363	        1497.53	        640.715	        783.438	        -152.34	        27.0329	       -85.5416	       -106.542
	        727.407	        252.191	       -677.617	       -360.739	        640.715	        14642.1	       -6972.86	        1507.17	       -29.5049	        916.317	        478.089
	       -403.192	       -235.232	        1174.51	        1021.36	        783.438	       -6972.86	        6839.48	       -672.249	        72.7617	       -636.598	       -287.653
	        -26.324	        -3.4898	        231.403	         445.54	        -152.34	        1507.17	       -672.249	        601.188	       -29.4358	         334.72	        322.734
	        18.2808	        5.68084	        43.4552	       -7.74777	        27.0329	       -29.5049	        72.7617	       -29.4358	        16.6939	       -7.93076	       -7.64135
	       -30.3295	        61.4063	        177.604	        394.017	       -85.5416	        916.317	       -636.598	         334.72	       -7.93076	        430.036	        380.061
	       -114.303	        27.2342	        44.4774	        409.171	       -106.542	        478.089	       -287.653	        322.734	       -7.64135	        380.061	        566.821
invIMIS 7
	        88.5909	        10.9783	       -1.54204	       -21.9639	      -0.461651	         398.18	       -208.341	        17.2525	        5.29883	        9.37419	        3.84159
	        10.9783	        25.1988	       -3.98177	        9.60791	         56.041	          55.29	       -42.7019	        8.28977	          1.974	        48.0073	        42.9357
	       -1.54204	       -3.98177	        1743.26	        1505.96	        210.663	       -884.033	        701.081	        392.557	       -2.47931	        231.979	         230.91
	       -21.9639	        9.60791	        1505.96	        2036.08	        426.689	       -972.289	         922.84	        559.515	        3.30449	        403.235	        397.915
	      -0.461651	         56.041	        210.663	        426.689	        1131.31	       -346.382	        374.383	        58.6341	        -8.8278	        120.108	        75.7301
	         398.18	          55.29	       -884.033	       -972.289	       -346.382	        9639.68	       -4209.66	        950.204	       -1.01029	        556.132	        611.214
	       -208.341	       -42.7019	        701.081	         922.84	        374.383	       -4209.66	         3731.8	       -433.139	       -9.49167	       -284.908	       -274.581
	        17.2525	        8.28977	        392.557	        559.515	        58.6341	        950.204	       -433.139	        508.185	       -7.40262	        321.791	        336.432
	        5.29883	          1.974	       -2.47931	        3.30449	        -8.8278	       -1.01029	       -9.49167	       -7.40262	         9.2258	        4.93307	        7.53896
	        9.37419	        48.0073	        231.979	        403.235	        120.108	        556.132	       -284.908	        321.791	        4.93307	        344.789	        325.896
	        3.84159	        42.9357	         230.91	        397.915	        75.7301	        611.214	       -274.581	        336.432	        7.53896	        325.896	        413.494
invIMIS 8
	        110.503	        1.75959	        53.1909	       -68.5412	        7.73947	        525.417	       -189.725	        24.0827	       -11.7322	        4.63382	       -18.3018
	        1.75959	        14.2953	        18.4472	       -6.65588	        72.2162	       -57.7343	        29.7829	        14.6029	       -3.52023	        18.1316	        22.9181
	        53.1909	        18.4472	        2252.91	        1846.73	        171.409	       -1533.11	         763.79	        321.109	       -4.77008	        254.085	        252.328
	       -68.5412	       -6.65588	        1846.73	        2635.24	        366.653	       -804.972	        905.368	        765.296	        19.9627	        490.699	        516.573
	        7.73947	        72.2162	        171.409	        366.653	        2347.02	       -1710.61	        487.587	        138.774	       -3.74032	        146.983	        135.657
	        525.417	       -57.7343	       -1533.11	       -804.972	       -1710.61	        13710.9	       -6179.19	        1523.91	       -51.3927	        756.389	        871.263
	       -189.725	        29.7829	         763.79	        905.368	        487.587	       -6179.19	        5760.43	       -802.804	        4.51949	       -236.952	       -233.767
	        24.0827	        14.6029	        321.109	        765.296	        138.774	        1523.91	       -802.804	        869.075	       -11.9185	        521.602	        519.298
	       -11.7322	       -3.52023	       -4.77008	        19.9627	       -3.74032	       -51.3927	        4.51949	       -11.9185	        6.74988	       -23.5279	       -18.2741
	        4.63382	        18.1316	        254.085	        490.699	        146.983	        756.389	       -236.952	        521.602	       -23.5279	        428.839	        406.243
	       -18.3018	        22.9181	        252.328	        516.573	        135.657	        871.263	       -233.767	        519.298	       -18.2741	        406.243	         588.57
invIMIS 9
	          70.85	        13.5248	        52.3482	       -29.6829	        99.9831	        252.013	       -124.075	        6.46844	       -2.03007	        12.5974	       -31.9535
	        13.5248	        21.1597	       -30.9945	        1.39378	        85.9426	        67.7964	       -33.8998	      -0.224607	       0.939859	        24.7387	        15.1493
	        52.3482	       -30.9945	        1228.16	        978.981	        95.6518	       -845.441	        659.988	        177.659	       -2.98878	        119.601	        60.7172
	       -29.6829	        1.39378	        978.981	        1331.34	        92.6959	       -704.729	        477.848	         335.09	       0.351258	        220.888	        234.191
	        99.9831	        85.9426	        95.6518	        92.6959	        1472.11	       -788.417	        137.226	        2.84031	       0.369723	        97.2224	        8.39379
	        252.013	        67.7964	       -845.441	       -704.729	       -788.417	        7774.32	       -3537.64	        782.546	       0.216658	        599.474	        556.131
	       -124.075	       -33.8998	        659.988	        477.848	        137.226	       -3537.64	        3253.02	       -462.046	        30.8338	       -337.133	       -412.476
	        6.46844	      -0.224607	        177.659	         335.09	        2.84031	        782.546	       -462.046	        412.743	        -3.5355	        248.079	         248.02
	       -2.03007	       0.939859	       -2.98878	       0.351258	       0.369723	       0.216658	        30.8338	        -3.5355	        7.66298	        2.14487	        9.77523
	        12.5974	        24.7387	        119.601	        220.888	        97.2224	        599.474	       -337.133	        248.079	        2.14487	        275.014	        219.706
	       -31.9535	        15.1493	        60.7172	        234.191	        8.39379	        556.131	       -412.476	         248.02	        9.77523	        219.706	        321.973
invIMIS 10
	        127.147	        17.4207	         75.558	       -87.4236	        62.2165	        581.808	       -177.568	        9.37612	        2.76529	        1.50661	       -14.9631
	        17.4207	        13.5525	        13.7247	        -18.577	        62.8495	        100.851	       -46.8841	        11.2902	        2.64093	        13.5682	        18.7497
	         75.558	        13.7247	        1611.78	        1180.15	        333.792	       -537.128	        870.566	        229.986	       -2.67874	         185.49	        127.239
	       -87.4236	        -18.577	        1180.15	        1705.25	       -218.447	       -450.067	        397.083	        486.403	       0.680243	        329.592	        318.783
	        62.2165	        62.8495	        333.792	       -218.447	        2244.29	       -1044.32	        728.322	       -44.1279	        14.5756	       -29.2528	       -158.564
	        581.808	        100.851	       -537.128	       -450.067	       -1044.32	        10435.9	       -4903.76	        1130.46	       -16.0597	        749.521	        813.905
	       -177.568	       -46.8841	        870.566	        397.083	        728.322	       -4903.76	           3924	       -490.061	        35.3764	       -324.158	       -458.865
	        9.37612	        11.2902	        229.986	        486.403	       -44.1279	        1130.46	       -490.061	        525.268	      -0.528068	        383.353	        358.567
	        2.76529	        2.64093	       -2.67874	       0.680243	        14.5756	       -16.0597	        35.3764	      -0.528068	        14.7152	        14.9401	        5.54938
	        1.50661	        13.5682	         185.49	        329.592	       -29.2528	        749.521	       -324.158	        383.353	        14.9401	        382.537	        324.772
	       -14.9631	        18.7497	        127.239	        318.783	       -158.564	        813.905	       -458.865	        358.567	        5.54938	        324.772	        373.489
invIMIS 11
	        108.747	        15.8145	        211.194	        93.5166	        144.607	          810.2	       -332.761	        131.581	        4.62162	        106.734	        122.754
	        15.8145	        9.85327	        41.1551	        48.8487	        35.9584	        197.964	       -65.2916	        66.8834	        4.87107	        50.5524	        53.8802
	        211.194	        41.1551	        3604.83	        3103.08	        638.277	       -1016.03	        1507.81	        765.056	       -3.70952	        545.712	        472.506
	        93.5166	        48.8487	        3103.08	        3746.04	        407.717	       -1022.47	        1118.51	        979.226	        20.0398	        653.288	        532.484
	        144.607	        35.9584	        638.277	        407.717	        3134.37	       -2642.52	         1482.6	       -39.0649	        41.4443	       -55.0002	       -65.7528
	          810.2	        197.964	       -1016.03	       -1022.47	       -2642.52	        20264.6	       -8397.95	        2144.49	        14.5847	        1739.64	        1750.36
	       -332.761	       -65.2916	        1507.81	        1118.51	         1482.6	       -8397.95	        5474.54	       -672.862	       -7.03715	       -641.703	       -716.976
	        131.581	        66.8834	        765.056	        979.226	       -39.0649	        2144.49	       -672.862	        888.303	        22.5463	        694.508	        633.897
	        4.62162	        4.87107	       -3.70952	        20.0398	        41.4443	        14.5847	       -7.03715	        22.5463	        14.8938	        32.3591	        20.9348
	        106.734	        50.5524	        545.712	        653.288	       -55.0002	        1739.64	       -641.703	        694.508	        32.3591	        704.734	        555.313
	        122.754	        53.8802	        472.506	        532.484	       -65.7528	        1750.36	       -716.976	        633.897	        20.9348	        555.313	        565.442
invIMIS 12
	        66.6557	        8.37256	        137.172	        52.4222	         121.11	        385.203	       -193.547	        40.7147	       -3.13731	        42.9926	        56.5828
	        8.37256	        10.8042	        47.3432	         71.034	        62.5486	        6.61429	        -51.553	        29.0094	       0.111957	        20.7453	        22.4722
	        137.172	        47.3432	        3211.75	           2572	         267.21	       -277.155	         995.68	        927.778	        5.05961	        726.224	        685.941
	        52.4222	         71.034	           2572	        3660.05	        125.453	       -197.054	        405.596	        1358.72	        4.87367	        989.053	        810.595
	         121.11	        62.5486	         267.21	        125.453	        1952.41	        -1313.7	        289.955	       -109.635	       -9.91427	       -173.829	       -13.8144
	        385.203	        6.61429	       -277.155	       -197.054	        -1313.7	        13011.2	       -5293.07	        1287.35	       -48.8955	        1078.37	        700.613
	       -193.547	        -51.553	         995.68	        405.596	        289.955	       -5293.07	        4114.13	       -437.388	       -38.3653	       -328.309	       -245.517
	        40.7147	        29.0094	        927.778	        1358.72	       -109.635	        1287.35	       -437.388	        952.869	        8.83849	        670.568	        590.195
	       -3.13731	       0.111957	        5.05961	        4.87367	       -9.91427	       -48.8955	       -38.3653	        8.83849	        8.86358	        1.32948	        7.66488
	        42.9926	        20.7453	        726.224	        989.053	       -173.829	        1078.37	       -328.309	        670.568	        1.32948	        572.156	        459.943
	        56.5828	        22.4722	        685.941	        810.595	       -13.8144	        700.613	       -245.517	        590.195	        7.66488	        459.943	        481.172
invIMIS 13
	        132.883	        6.19751	        19.4936	        3.81809	        78.2614	        725.569	        -461.07	         36.632	        9.38311	        35.5619	        24.7643
	        6.19751	        8.87913	       -17.5118	        66.6791	       -4.84148	        146.998	       -115.781	        44.1417	        1.99562	        28.6047	        26.5547
	        19.4936	       -17.5118	        2007.24	        1418.18	       -103.739	       -921.363	        1005.96	        335.667	        1.40609	        332.978	         148.32
	        3.81809	        66.6791	        1418.18	        2269.34	       -222.037	       -223.426	        105.343	        780.578	       -6.21768	        567.521	         545.92
	        78.2614	       -4.84148	       -103.739	       -222.037	        2349.29	         -764.6	        540.498	       -28.9455	        9.70499	       -337.364	       -310.796
	        725.569	        146.998	       -921.363	       -223.426	         -764.6	        14562.6	       -7420.85	        1348.38	        45.0895	        1067.02	        711.661
	        -461.07	       -115.781	        1005.96	        105.343	        540.498	       -7420.85	        6863.83	       -697.651	       -90.0128	       -759.135	       -506.843
	         36.632	        44.1417	        335.667	        780.578	       -28.9455	        1348.38	       -697.651	         677.19	       -8.26725	        484.598	        437.274
	        9.38311	        1.99562	        1.40609	       -6.21768	        9.70499	        45.0895	       -90.0128	       -8.26725	        20.7471	     -0.0272783	       -6.67579
	        35.5619	        28.6047	        332.978	        567.521	       -337.364	        1067.02	       -759.135	        484.598	     -0.0272783	        533.318	         378.26
	        24.7643	        26.5547	         148.32	         545.92	       -310.796	        711.661	       -506.843	        437.274	       -6.67579	         378.26	          496.1
invIMIS 14
	        117.718	        13.8901	          274.8	        8.35673	        54.7997	        998.828	       -480.767	        48.2671	       -7.95202	         47.108	        53.7571
	        13.8901	        12.6866	        47.9844	        93.1441	        87.6492	         157.03	       -86.6424	        43.4377	       -2.21486	        43.2623	        36.5923
	          274.8	        47.9844	        6780.87	        5713.54	        207.081	       -1344.18	        1439.15	        1715.04	         18.146	        1564.48	        1441.13
	        8.35673	        93.1441	        5713.54	        8491.41	        567.042	        577.917	        883.666	        2959.94	       -1.12794	        2028.41	        1715.75
	        54.7997	        87.6492	        207.081	        567.042	        4553.19	       -1888.74	        95.4649	       -336.339	        13.3497	       -332.994	        -256.79
	        998.828	         157.03	       -1344.18	        577.917	       -1888.74	        28605.9	       -10573.9	        4101.35	       -159.447	        2355.14	        2000.35
	       -480.767	       -86.6424	        1439.15	        883.666	        95.4649	       -10573.9	        5444.53	       -1262.95	        68.1812	       -700.855	       -682.181
	        48.2671	        43.4377	        1715.04	        2959.94	       -336.339	        4101.35	       -1262.95	        2116.74	       -2.92654	        1432.89	        1342.96
	       -7.95202	       -2.21486	         18.146	       -1.12794	        13.3497	       -159.447	        68.1812	       -2.92654	        9.10863	        4.52134	        2.53744
	         47.108	        43.2623	        1564.48	        2028.41	       -332.994	        2355.14	       -700.855	        1432.89	        4.52134	        1172.69	        1048.14
	        53.7571	        36.5923	        1441.13	        1715.75	        -256.79	        2000.35	       -682.181	        1342.96	        2.53744	        1048.14	        1066.88
invIMIS 15
	        53.9435	        4.48658	        144.881	       -82.3446	       -230.469	        408.217	       -156.677	        12.5063	       -1.96753	        36.4152	        49.4569
	        4.48658	        7.00375	        85.6657	        119.973	        39.2952	         45.151	       -20.0199	        75.7126	        1.96933	        67.3336	        60.3278
	        144.881	        85.6657	        8729.76	        7484.21	        2054.07	       -7314.63	        3573.11	        2176.83	        20.4534	        1858.85	        1975.59
	       -82.3446	        119.973	        7484.21	        10332.6	        2450.97	        -3747.2	        2109.71	        3991.32	        57.5327	        2840.79	        2566.54
	       -230.469	        39.2952	        2054.07	        2450.97	        4478.19	          -5328	        1476.94	        476.129	        1.34245	        394.643	        414.117
	        408.217	         45.151	       -7314.63	        -3747.2	          -5328	        24593.4	       -9046.08	        2389.43	       -53.4795	        1396.36	        793.761
	       -156.677	       -20.0199	        3573.11	        2109.71	        1476.94	       -9046.08	        4489.44	       -568.709	        8.08057	       -282.048	        -106.57
	        12.5063	        75.7126	        2176.83	        3991.32	        476.129	        2389.43	       -568.709	        2723.77	         48.561	        1927.12	        1719.77
	       -1.96753	        1.96933	        20.4534	        57.5327	        1.34245	       -53.4795	        8.08057	         48.561	        9.13916	        41.4167	        41.0128
	        36.4152	        67.3336	        1858.85	        2840.79	        394.643	        1396.36	       -282.048	        1927.12	        41.4167	        1517.81	        1344.32
	        49.4569	        60.3278	        1975.59	        2566.54	        414.117	        793.761	        -106.57	        1719.77	        41.0128	        1344.32	        1287.13
invIMIS 16
	        48.2351	        5.92516	        59.5326	       -15.3157	        24.4018	        246.779	       -75.3171	       -7.20005	       -1.92452	       -12.6286	        2.46784
	        5.92516	        9.49914	        2.39578	        9.21527	        26.2097	        64.6836	       -15.1959	        6.40856	      -0.842574	        13.1342	        7.00533
	        59.5326	        2.39578	         2249.1	        1606.41	        167.106	       -1787.22	        1035.26	        231.117	        4.71096	        268.244	        193.265
	       -15.3157	        9.21527	        1606.41	        2284.94	        406.582	       -975.752	        447.556	        669.801	        12.1608	        447.593	        377.285
	        24.4018	        26.2097	        167.106	        406.582	        2664.46	       -926.669	       -257.372	        97.9766	        5.72304	          135.4	        100.764
	        246.779	        64.6836	       -1787.22	       -975.752	       -926.669	        10326.3	       -3017.92	        1005.91	       -94.2771	        493.177	        481.941
	       -75.3171	       -15.1959	        1035.26	        447.556	       -257.372	       -3017.92	        2198.19	       -472.612	        43.8662	       -95.7367	        -186.41
	       -7.20005	        6.40856	        231.117	        669.801	        97.9766	        1005.91	       -472.612	         661.28	        -2.3041	        406.001	        419.533
	       -1.92452	      -0.842574	        4.71096	        12.1608	        5.72304	       -94.2771	        43.8662	        -2.3041	        9.03499	       -5.74751	       0.379903
	       -12.6286	        13.1342	        268.244	        447.593	          135.4	        493.177	       -95.7367	        406.001	       -5.74751	        377.546	        335.647
	        2.46784	        7.00533	        193.265	        377.285	        100.764	        481.941	        -186.41	        419.533	       0.379903	        335.647	        362.475
invIMIS 17
	        48.5305	        8.60061	        327.577	        223.592	        122.827	       -126.517	        5.16992	         20.462	       -1.98176	        7.78928	        49.2822
	        8.60061	        11.2498	        47.4964	        81.3924	        78.4641	        82.5782	       -58.5499	        62.6943	      -0.712971	        53.0005	        47.1961
	        327.577	        47.4964	        12009.1	        11124.5	        2962.32	       -7896.07	        3695.44	        2760.83	       -168.533	        1661.21	        1821.54
	        223.592	        81.3924	        11124.5	        14095.7	        3029.19	       -5327.59	         2730.1	        4146.87	       -166.339	        2194.29	        2033.35
	        122.827	        78.4641	        2962.32	        3029.19	        4184.15	       -2895.49	         154.38	        1022.75	       -10.2414	        851.515	        940.335
	       -126.517	        82.5782	       -7896.07	       -5327.59	       -2895.49	        13682.4	       -4900.82	       -209.171	       -44.5824	       -199.785	       -501.498
	        5.16992	       -58.5499	        3695.44	         2730.1	         154.38	       -4900.82	         3600.5	        444.031	        1.31883	        389.924	        326.742
	         20.462	        62.6943	        2760.83	        4146.87	        1022.75	       -209.171	        444.031	        2094.83	       -45.9835	        1324.02	        1252.55
	       -1.98176	      -0.712971	       -168.533	       -166.339	       -10.2414	       -44.5824	        1.31883	       -45.9835	        9.90055	       -30.6883	       -23.3404
	        7.78928	        53.0005	        1661.21	        2194.29	        851.515	       -199.785	        389.924	        1324.02	       -30.6883	         1034.2	         961.69
	        49.2822	        47.1961	        1821.54	        2033.35	        940.335	       -501.498	        326.742	        1252.55	       -23.3404	         961.69	        1050.53
invIMIS 18
	        74.1628	        2.12845	        19.8026	        5.09132	        4.50936	        533.252	       -246.838	        60.9889	        2.27182	        37.9046	        56.4417
	        2.12845	        10.8311	       -11.4373	         84.595	        28.4524	        110.521	       -73.8523	        69.5834	       0.231494	        53.9155	        50.9888
	        19.8026	       -11.4373	         3531.3	        3089.79	       -180.964	       -1926.43	        1698.56	        826.095	       -3.44038	        629.525	        623.118
	        5.09132	         84.595	        3089.79	         4336.3	        97.0147	       -954.629	        979.984	        1505.85	        8.00561	        1094.65	        1016.15
	        4.50936	        28.4524	       -180.964	        97.0147	        2737.52	       -1383.02	        434.582	         54.923	       -46.9838	       -161.235	       -168.055
	        533.252	        110.521	       -1926.43	       -954.629	       -1383.02	        16536.2	       -7013.52	        2245.04	       -80.7308	        1438.51	         1361.8
	       -246.838	       -73.8523	        1698.56	        979.984	        434.582	       -7013.52	        4385.81	       -895.851	        41.3892	       -718.141	       -654.086
	        60.9889	        69.5834	        826.095	        1505.85	         54.923	        2245.04	       -895.851	        1266.93	       -15.1388	        899.944	         840.15
	        2.27182	       0.231494	       -3.44038	        8.00561	       -46.9838	       -80.7308	        41.3892	       -15.1388	        9.03939	       -5.82397	       0.967187
	        37.9046	        53.9155	        629.525	        1094.65	       -161.235	        1438.51	       -718.141	        899.944	       -5.82397	         785.46	        720.879
	        56.4417	        50.9888	        623.118	        1016.15	       -168.055	         1361.8	       -654.086	         840.15	       0.967187	        720.879	        736.039
