	       0.896769	        1.17297	       0.901455	       0.640619	       0.751789	       0.672036	       0.712106	       0.602285	       0.645497	       0.635878	       0.626642	       0.711982	       0.850499	       0.912472	        1.09066	        1.11139	        1.12906	        1.01737	        1.00338	              0	              0	              0	              0	              0	              0	              0	              0	              0	              0	              0	              0	              0	              0	              0	              0	              0	              0	              0	              0	              0	              0	              0	              0	              0	              0	              0	              0	              0	              0	              0	              0	              0	              0	              0	              0	              0	              0	              0	              0	              0	              0	              0	              0	              0	              0	              0	              0	              0	              0	              0	              0	              0	              0	              0	              0	              0	              0	              0	              0	              0	              0	              0	              0	              0	              0	              0	              0	              0	              0	              0	              0	              0	              0	              0	              0	              0	              0	              0	              0	              0	              0	              0	              0	              0	              0	              0	              0	              0	              0	              0	              0	              0	              0	              0	              0	              0	              0	              0	              0	              0	              0	              0	              0	              0	              0	              0	              0	              0	              0	              0	              0	              0	              0	              0	              0	              0	              0	              0	              0	              0	              0	              0	              0	              0	              0	              0	              0	              0	              0	              0	              0	              0	              0	              0	              0	              0	              0	              0	              0	              0	              0	              0	              0	              0	              0	              0	              0	              0	              0	              0	              0	              0	              0	              0	              0	              0	              0	              0	              0	              0	              0	              0	              0	              0	              0	              0	              0	              0	              0	              0	              0	              0	              0	              0	              0	              0	              0	              0	              0	              0
	        1.33315	        2.97483	        1.33858	        1.31246	        1.13336	       0.864479	        1.20755	        1.28427	        1.23354	        1.21667	        1.19469	        1.27719	       0.696372	        1.07267	       0.726626	       0.600052	       0.633577	       0.715512	       0.709805	              0	              0	              0	              0	              0	              0	              0	              0	              0	              0	              0	              0	              0	              0	              0	              0	              0	              0	              0	              0	              0	              0	              0	              0	              0	              0	              0	              0	              0	              0	              0	              0	              0	              0	              0	              0	              0	              0	              0	              0	              0	              0	              0	              0	              0	              0	              0	              0	              0	              0	              0	              0	              0	              0	              0	              0	              0	              0	              0	              0	              0	              0	              0	              0	              0	              0	              0	              0	              0	              0	              0	              0	              0	              0	              0	              0	              0	              0	              0	              0	              0	              0	              0	              0	              0	              0	              0	              0	              0	              0	              0	              0	              0	              0	              0	              0	              0	              0	              0	              0	              0	              0	              0	              0	              0	              0	              0	              0	              0	              0	              0	              0	              0	              0	              0	              0	              0	              0	              0	              0	              0	              0	              0	              0	              0	              0	              0	              0	              0	              0	              0	              0	              0	              0	              0	              0	              0	              0	              0	              0	              0	              0	              0	              0	              0	              0	              0	              0	              0	              0	              0	              0	              0	              0	              0	              0	              0	              0	              0	              0	              0	              0	              0	              0	              0	              0	              0	              0	              0	              0	              0	              0	              0	              0	              0	              0	              0	              0	              0	              0	              0
	       -4.54958	       -4.60886	       -4.51901	       -4.49669	        -4.5002	       -4.45761	       -4.48222	       -4.49031	       -4.46693	       -4.45885	       -4.45463	       -4.45467	       -4.49406	       -4.48243	       -4.51732	       -4.52153	       -4.52738	       -4.51948	        -4.5152	              0	              0	              0	              0	              0	              0	              0	              0	              0	              0	              0	              0	              0	              0	              0	              0	              0	              0	              0	              0	              0	              0	              0	              0	              0	              0	              0	              0	              0	              0	              0	              0	              0	              0	              0	              0	              0	              0	              0	              0	              0	              0	              0	              0	              0	              0	              0	              0	              0	              0	              0	              0	              0	              0	              0	              0	              0	              0	              0	              0	              0	              0	              0	              0	              0	              0	              0	              0	              0	              0	              0	              0	              0	              0	              0	              0	              0	              0	              0	              0	              0	              0	              0	              0	              0	              0	              0	              0	              0	              0	              0	              0	              0	              0	              0	              0	              0	              0	              0	              0	              0	              0	              0	              0	              0	              0	              0	              0	              0	              0	              0	              0	              0	              0	              0	              0	              0	              0	              0	              0	              0	              0	              0	              0	              0	              0	              0	              0	              0	              0	              0	              0	              0	              0	              0	              0	              0	              0	              0	              0	              0	              0	              0	              0	              0	              0	              0	              0	              0	              0	              0	              0	              0	              0	              0	              0	              0	              0	              0	              0	              0	              0	              0	              0	              0	              0	              0	              0	              0	              0	              0	              0	              0	              0	              0	              0	              0	              0	              0	              0	              0
	       -4.86753	       -4.81648	       -4.86604	        -4.8905	       -4.94367	       -4.96701	       -4.93891	       -4.92553	       -4.95727	       -4.96642	       -4.97679	       -4.99334	       -4.97363	       -4.99713	       -4.98433	       -4.98511	       -4.98329	        -4.9775	       -4.97978	              0	              0	              0	              0	              0	              0	              0	              0	              0	              0	              0	              0	              0	              0	              0	              0	              0	              0	              0	              0	              0	              0	              0	              0	              0	              0	              0	              0	              0	              0	              0	              0	              0	              0	              0	              0	              0	              0	              0	              0	              0	              0	              0	              0	              0	              0	              0	              0	              0	              0	              0	              0	              0	              0	              0	              0	              0	              0	              0	              0	              0	              0	              0	              0	              0	              0	              0	              0	              0	              0	              0	              0	              0	              0	              0	              0	              0	              0	              0	              0	              0	              0	              0	              0	              0	              0	              0	              0	              0	              0	              0	              0	              0	              0	              0	              0	              0	              0	              0	              0	              0	              0	              0	              0	              0	              0	              0	              0	              0	              0	              0	              0	              0	              0	              0	              0	              0	              0	              0	              0	              0	              0	              0	              0	              0	              0	              0	              0	              0	              0	              0	              0	              0	              0	              0	              0	              0	              0	              0	              0	              0	              0	              0	              0	              0	              0	              0	              0	              0	              0	              0	              0	              0	              0	              0	              0	              0	              0	              0	              0	              0	              0	              0	              0	              0	              0	              0	              0	              0	              0	              0	              0	              0	              0	              0	              0	              0	              0	              0	              0	              0
	       0.191191	       0.212221	        0.23753	       0.255638	        0.25856	       0.295456	       0.258626	       0.248264	       0.250095	       0.249844	       0.246327	       0.237523	       0.248897	       0.236772	       0.234611	       0.237205	       0.238783	       0.237676	       0.239095	              0	              0	              0	              0	              0	              0	              0	              0	              0	              0	              0	              0	              0	              0	              0	              0	              0	              0	              0	              0	              0	              0	              0	              0	              0	              0	              0	              0	              0	              0	              0	              0	              0	              0	              0	              0	              0	              0	              0	              0	              0	              0	              0	              0	              0	              0	              0	              0	              0	              0	              0	              0	              0	              0	              0	              0	              0	              0	              0	              0	              0	              0	              0	              0	              0	              0	              0	              0	              0	              0	              0	              0	              0	              0	              0	              0	              0	              0	              0	              0	              0	              0	              0	              0	              0	              0	              0	              0	              0	              0	              0	              0	              0	              0	              0	              0	              0	              0	              0	              0	              0	              0	              0	              0	              0	              0	              0	              0	              0	              0	              0	              0	              0	              0	              0	              0	              0	              0	              0	              0	              0	              0	              0	              0	              0	              0	              0	              0	              0	              0	              0	              0	              0	              0	              0	              0	              0	              0	              0	              0	              0	              0	              0	              0	              0	              0	              0	              0	              0	              0	              0	              0	              0	              0	              0	              0	              0	              0	              0	              0	              0	              0	              0	              0	              0	              0	              0	              0	              0	              0	              0	              0	              0	              0	              0	              0	              0	              0	              0	              0	              0
	        3.51307	        3.49919	        3.53195	        3.55917	        3.54453	        3.55538	        3.54571	        3.54803	        3.55048	        3.54783	         3.5425	        3.53715	        3.53572	        3.53132	         3.5239	        3.52843	        3.52752	        3.52947	        3.52871	              0	              0	              0	              0	              0	              0	              0	              0	              0	              0	              0	              0	              0	              0	              0	              0	              0	              0	              0	              0	              0	              0	              0	              0	              0	              0	              0	              0	              0	              0	              0	              0	              0	              0	              0	              0	              0	              0	              0	              0	              0	              0	              0	              0	              0	              0	              0	              0	              0	              0	              0	              0	              0	              0	              0	              0	              0	              0	              0	              0	              0	              0	              0	              0	              0	              0	              0	              0	              0	              0	              0	              0	              0	              0	              0	              0	              0	              0	              0	              0	              0	              0	              0	              0	              0	              0	              0	              0	              0	              0	              0	              0	              0	              0	              0	              0	              0	              0	              0	              0	              0	              0	              0	              0	              0	              0	              0	              0	              0	              0	              0	              0	              0	              0	              0	              0	              0	              0	              0	              0	              0	              0	              0	              0	              0	              0	              0	              0	              0	              0	              0	              0	              0	              0	              0	              0	              0	              0	              0	              0	              0	              0	              0	              0	              0	              0	              0	              0	              0	              0	              0	              0	              0	              0	              0	              0	              0	              0	              0	              0	              0	              0	              0	              0	              0	              0	              0	              0	              0	              0	              0	              0	              0	              0	              0	              0	              0	              0	              0	              0	              0
	        3.01486	        3.01839	        3.01317	        3.05227	        3.06681	        3.07666	        3.06324	        3.07363	        3.07544	         3.0691	         3.0622	        3.06807	        3.08921	          3.097	        3.11275	        3.12648	        3.12664	        3.11677	        3.11424	              0	              0	              0	              0	              0	              0	              0	              0	              0	              0	              0	              0	              0	              0	              0	              0	              0	              0	              0	              0	              0	              0	              0	              0	              0	              0	              0	              0	              0	              0	              0	              0	              0	              0	              0	              0	              0	              0	              0	              0	              0	              0	              0	              0	              0	              0	              0	              0	              0	              0	              0	              0	              0	              0	              0	              0	              0	              0	              0	              0	              0	              0	              0	              0	              0	              0	              0	              0	              0	              0	              0	              0	              0	              0	              0	              0	              0	              0	              0	              0	              0	              0	              0	              0	              0	              0	              0	              0	              0	              0	              0	              0	              0	              0	              0	              0	              0	              0	              0	              0	              0	              0	              0	              0	              0	              0	              0	              0	              0	              0	              0	              0	              0	              0	              0	              0	              0	              0	              0	              0	              0	              0	              0	              0	              0	              0	              0	              0	              0	              0	              0	              0	              0	              0	              0	              0	              0	              0	              0	              0	              0	              0	              0	              0	              0	              0	              0	              0	              0	              0	              0	              0	              0	              0	              0	              0	              0	              0	              0	              0	              0	              0	              0	              0	              0	              0	              0	              0	              0	              0	              0	              0	              0	              0	              0	              0	              0	              0	              0	              0	              0
	        1.08434	        1.40145	        1.13584	        1.30225	        1.32446	        1.29537	        1.31482	        1.38548	        1.36827	        1.39075	        1.44957	         1.5289	        1.55019	        1.59017	        1.58583	        1.62364	        1.62935	        1.59468	        1.59528	              0	              0	              0	              0	              0	              0	              0	              0	              0	              0	              0	              0	              0	              0	              0	              0	              0	              0	              0	              0	              0	              0	              0	              0	              0	              0	              0	              0	              0	              0	              0	              0	              0	              0	              0	              0	              0	              0	              0	              0	              0	              0	              0	              0	              0	              0	              0	              0	              0	              0	              0	              0	              0	              0	              0	              0	              0	              0	              0	              0	              0	              0	              0	              0	              0	              0	              0	              0	              0	              0	              0	              0	              0	              0	              0	              0	              0	              0	              0	              0	              0	              0	              0	              0	              0	              0	              0	              0	              0	              0	              0	              0	              0	              0	              0	              0	              0	              0	              0	              0	              0	              0	              0	              0	              0	              0	              0	              0	              0	              0	              0	              0	              0	              0	              0	              0	              0	              0	              0	              0	              0	              0	              0	              0	              0	              0	              0	              0	              0	              0	              0	              0	              0	              0	              0	              0	              0	              0	              0	              0	              0	              0	              0	              0	              0	              0	              0	              0	              0	              0	              0	              0	              0	              0	              0	              0	              0	              0	              0	              0	              0	              0	              0	              0	              0	              0	              0	              0	              0	              0	              0	              0	              0	              0	              0	              0	              0	              0	              0	              0	              0
	        1.34386	       0.379826	        1.36364	        1.62405	        1.44725	        1.01664	        1.06514	      0.0180516	       0.763939	       0.782044	       0.800933	        0.91507	       0.900264	       0.755932	        0.39454	       0.356568	       0.230134	        0.32245	       0.314729	              0	              0	              0	              0	              0	              0	              0	              0	              0	              0	              0	              0	              0	              0	              0	              0	              0	              0	              0	              0	              0	              0	              0	              0	              0	              0	              0	              0	              0	              0	              0	              0	              0	              0	              0	              0	              0	              0	              0	              0	              0	              0	              0	              0	              0	              0	              0	              0	              0	              0	              0	              0	              0	              0	              0	              0	              0	              0	              0	              0	              0	              0	              0	              0	              0	              0	              0	              0	              0	              0	              0	              0	              0	              0	              0	              0	              0	              0	              0	              0	              0	              0	              0	              0	              0	              0	              0	              0	              0	              0	              0	              0	              0	              0	              0	              0	              0	              0	              0	              0	              0	              0	              0	              0	              0	              0	              0	              0	              0	              0	              0	              0	              0	              0	              0	              0	              0	              0	              0	              0	              0	              0	              0	              0	              0	              0	              0	              0	              0	              0	              0	              0	              0	              0	              0	              0	              0	              0	              0	              0	              0	              0	              0	              0	              0	              0	              0	              0	              0	              0	              0	              0	              0	              0	              0	              0	              0	              0	              0	              0	              0	              0	              0	              0	              0	              0	              0	              0	              0	              0	              0	              0	              0	              0	              0	              0	              0	              0	              0	              0	              0
	       -6.70471	       -6.95876	       -6.83305	        -6.9803	       -6.84273	       -6.83898	       -6.90918	       -7.18788	        -7.0724	       -7.06166	       -7.05321	        -6.9787	       -6.88403	       -6.89805	       -6.83214	       -6.88254	       -6.88771	       -6.89881	       -6.92257	              0	              0	              0	              0	              0	              0	              0	              0	              0	              0	              0	              0	              0	              0	              0	              0	              0	              0	              0	              0	              0	              0	              0	              0	              0	              0	              0	              0	              0	              0	              0	              0	              0	              0	              0	              0	              0	              0	              0	              0	              0	              0	              0	              0	              0	              0	              0	              0	              0	              0	              0	              0	              0	              0	              0	              0	              0	              0	              0	              0	              0	              0	              0	              0	              0	              0	              0	              0	              0	              0	              0	              0	              0	              0	              0	              0	              0	              0	              0	              0	              0	              0	              0	              0	              0	              0	              0	              0	              0	              0	              0	              0	              0	              0	              0	              0	              0	              0	              0	              0	              0	              0	              0	              0	              0	              0	              0	              0	              0	              0	              0	              0	              0	              0	              0	              0	              0	              0	              0	              0	              0	              0	              0	              0	              0	              0	              0	              0	              0	              0	              0	              0	              0	              0	              0	              0	              0	              0	              0	              0	              0	              0	              0	              0	              0	              0	              0	              0	              0	              0	              0	              0	              0	              0	              0	              0	              0	              0	              0	              0	              0	              0	              0	              0	              0	              0	              0	              0	              0	              0	              0	              0	              0	              0	              0	              0	              0	              0	              0	              0	              0
	        1.81132	        1.53427	        1.74282	        1.68394	        1.69055	        1.69781	        1.70441	        1.84702	        1.80936	        1.78057	        1.71602	        1.56236	        1.49971	        1.47224	        1.45981	        1.47218	         1.4629	         1.4955	        1.52238	              0	              0	              0	              0	              0	              0	              0	              0	              0	              0	              0	              0	              0	              0	              0	              0	              0	              0	              0	              0	              0	              0	              0	              0	              0	              0	              0	              0	              0	              0	              0	              0	              0	              0	              0	              0	              0	              0	              0	              0	              0	              0	              0	              0	              0	              0	              0	              0	              0	              0	              0	              0	              0	              0	              0	              0	              0	              0	              0	              0	              0	              0	              0	              0	              0	              0	              0	              0	              0	              0	              0	              0	              0	              0	              0	              0	              0	              0	              0	              0	              0	              0	              0	              0	              0	              0	              0	              0	              0	              0	              0	              0	              0	              0	              0	              0	              0	              0	              0	              0	              0	              0	              0	              0	              0	              0	              0	              0	              0	              0	              0	              0	              0	              0	              0	              0	              0	              0	              0	              0	              0	              0	              0	              0	              0	              0	              0	              0	              0	              0	              0	              0	              0	              0	              0	              0	              0	              0	              0	              0	              0	              0	              0	              0	              0	              0	              0	              0	              0	              0	              0	              0	              0	              0	              0	              0	              0	              0	              0	              0	              0	              0	              0	              0	              0	              0	              0	              0	              0	              0	              0	              0	              0	              0	              0	              0	              0	              0	              0	              0	              0
