invIMIS 0
	              0	              0	              0	              0	              0	              0	              0	              0	              0	              0	              0
	              0	              0	              0	              0	              0	              0	              0	              0	              0	              0	              0
	              0	              0	              0	              0	              0	              0	              0	              0	              0	              0	              0
	              0	              0	              0	              0	              0	              0	              0	              0	              0	              0	              0
	              0	              0	              0	              0	              0	              0	              0	              0	              0	              0	              0
	              0	              0	              0	              0	              0	              0	              0	              0	              0	              0	              0
	              0	              0	              0	              0	              0	              0	              0	              0	              0	              0	              0
	              0	              0	              0	              0	              0	              0	              0	              0	              0	              0	              0
	              0	              0	              0	              0	              0	              0	              0	              0	              0	              0	              0
	              0	              0	              0	              0	              0	              0	              0	              0	              0	              0	              0
	              0	              0	              0	              0	              0	              0	              0	              0	              0	              0	              0
invIMIS 1
	        7.61051	      0.0122244	      -0.239882	      -0.410942	        2.25181	        -0.4944	        3.62039	      -0.162177	       -0.35133	      -0.395759	      -0.830028
	      0.0122244	        1.83757	       0.475362	       0.152913	       0.678675	      -0.396396	         1.4517	      -0.122815	     -0.0484266	      -0.229593	       0.108052
	      -0.239882	       0.475362	        18.2095	        1.57152	       -3.52345	       -2.12651	      0.0265521	       -0.56499	      -0.014532	       0.462765	       0.288427
	      -0.410942	       0.152913	        1.57152	        20.7642	        1.61508	       0.152935	        -1.9506	        0.55913	       0.279295	       0.194691	        0.22722
	        2.25181	       0.678675	       -3.52345	        1.61508	        297.453	       -12.9869	       -28.1833	       -5.20928	       0.873785	        5.61468	        12.0466
	        -0.4944	      -0.396396	       -2.12651	       0.152935	       -12.9869	        148.613	        6.99345	      -0.560313	        1.17511	       0.956039	      -0.128492
	        3.62039	         1.4517	      0.0265521	        -1.9506	       -28.1833	        6.99345	        317.542	       -7.86304	        2.30796	        4.90044	        12.3821
	      -0.162177	      -0.122815	       -0.56499	        0.55913	       -5.20928	      -0.560313	       -7.86304	        15.6218	        0.31811	         2.2034	        2.17941
	       -0.35133	     -0.0484266	      -0.014532	       0.279295	       0.873785	        1.17511	        2.30796	        0.31811	        1.61369	      -0.574892	      -0.981627
	      -0.395759	      -0.229593	       0.462765	       0.194691	        5.61468	       0.956039	        4.90044	         2.2034	      -0.574892	        12.1606	       -2.58108
	      -0.830028	       0.108052	       0.288427	        0.22722	        12.0466	      -0.128492	        12.3821	        2.17941	      -0.981627	       -2.58108	        18.8543
invIMIS 2
	        11.4509	       -1.63207	        1.36853	       -1.27054	        2.75557	        5.86389	        20.6545	       -1.35637	       0.527362	      -0.291505	        -1.0551
	       -1.63207	        1.58449	       0.312726	       -1.01186	        4.38377	        2.36654	        11.0755	       -1.03282	        -0.4247	        1.09167	        1.51723
	        1.36853	       0.312726	        35.6372	       -1.47177	       -1.26414	       -12.3818	       -7.27897	       0.540652	       0.320669	      -0.836023	        1.38031
	       -1.27054	       -1.01186	       -1.47177	        50.0791	      -0.215065	       -2.79856	        2.92371	        1.97844	       -1.02254	        4.00959	       -1.35057
	        2.75557	        4.38377	       -1.26414	      -0.215065	        596.043	        6.76398	       -8.46136	        12.0748	        7.72842	       -3.40409	       -3.67838
	        5.86389	        2.36654	       -12.3818	       -2.79856	        6.76398	        293.235	       -84.8738	        7.48811	       -1.33956	        16.1198	       -3.04185
	        20.6545	        11.0755	       -7.27897	        2.92371	       -8.46136	       -84.8738	        448.557	       -23.0959	          5.317	        27.3755	       -7.73257
	       -1.35637	       -1.03282	       0.540652	        1.97844	        12.0748	        7.48811	       -23.0959	        30.9538	        1.53889	        3.83551	        1.34583
	       0.527362	        -0.4247	       0.320669	       -1.02254	        7.72842	       -1.33956	          5.317	        1.53889	        2.31763	        0.35479	       -1.54087
	      -0.291505	        1.09167	      -0.836023	        4.00959	       -3.40409	        16.1198	        27.3755	        3.83551	        0.35479	        19.2964	        3.97106
	        -1.0551	        1.51723	        1.38031	       -1.35057	       -3.67838	       -3.04185	       -7.73257	        1.34583	       -1.54087	        3.97106	         28.431
invIMIS 3
	         12.377	       -1.22593	         2.1062	       -2.89887	        3.60907	         1.8789	      -0.983455	       -1.01212	       0.868381	        1.75326	       -3.87089
	       -1.22593	        2.39278	       0.223353	     -0.0923263	        6.03535	        1.98337	        10.0441	       -1.32402	      -0.354079	       0.876826	       0.117645
	         2.1062	       0.223353	        31.1169	        2.96319	       -16.2692	        2.39282	        11.0703	       0.531245	      -0.319302	      -0.875413	        4.59581
	       -2.89887	     -0.0923263	        2.96319	        43.5002	        13.0849	        8.04637	       -8.77928	       -1.02962	       0.195361	        3.71781	       -3.07514
	        3.60907	        6.03535	       -16.2692	        13.0849	        417.913	       -25.3492	        50.7085	        7.12009	        2.31778	        -21.152	         19.658
	         1.8789	        1.98337	        2.39282	        8.04637	       -25.3492	        296.094	       -31.7425	        3.43682	       0.230455	        2.53581	        1.25108
	      -0.983455	        10.0441	        11.0703	       -8.77928	        50.7085	       -31.7425	         563.84	       -11.1804	        10.5139	        6.45427	       -9.17824
	       -1.01212	       -1.32402	       0.531245	       -1.02962	        7.12009	        3.43682	       -11.1804	        34.5091	       0.203648	      -0.801546	       0.343696
	       0.868381	      -0.354079	      -0.319302	       0.195361	        2.31778	       0.230455	        10.5139	       0.203648	        2.30567	      -0.228921	        1.32641
	        1.75326	       0.876826	      -0.875413	        3.71781	        -21.152	        2.53581	        6.45427	      -0.801546	      -0.228921	        20.4237	        3.62893
	       -3.87089	       0.117645	        4.59581	       -3.07514	         19.658	        1.25108	       -9.17824	       0.343696	        1.32641	        3.62893	        30.5312
invIMIS 4
	        12.3735	        1.69579	       0.497535	       -1.01787	       -9.67073	        8.15247	        4.42047	       -4.83749	       0.803796	         1.6806	      -0.664234
	        1.69579	        1.55604	      -0.731116	       0.525526	       -1.09694	       -2.66668	       -11.7352	        2.27149	     -0.0530411	      -0.826359	       -1.52043
	       0.497535	      -0.731116	        36.4724	       -1.42681	        3.67043	      -0.143909	        1.27944	         3.1494	       0.522836	      -0.772159	        1.56837
	       -1.01787	       0.525526	       -1.42681	        47.1788	        8.22879	        1.51001	       -2.90411	        2.96304	      -0.274104	        4.51999	        1.72339
	       -9.67073	       -1.09694	        3.67043	        8.22879	         646.37	       -17.7192	        13.8898	        -8.7603	        4.53684	        -15.672	      -0.891892
	        8.15247	       -2.66668	      -0.143909	        1.51001	       -17.7192	        345.624	        -39.454	        10.3281	        1.12863	        1.09961	       -2.39664
	        4.42047	       -11.7352	        1.27944	       -2.90411	        13.8898	        -39.454	        682.069	        32.0255	      -0.886772	        -1.8254	       -20.4775
	       -4.83749	        2.27149	         3.1494	        2.96304	        -8.7603	        10.3281	        32.0255	        32.5283	         1.4074	       -2.97982	        3.67631
	       0.803796	     -0.0530411	       0.522836	      -0.274104	        4.53684	        1.12863	      -0.886772	         1.4074	        2.77359	       0.654189	         1.3611
	         1.6806	      -0.826359	      -0.772159	        4.51999	        -15.672	        1.09961	        -1.8254	       -2.97982	       0.654189	        24.4858	       0.849324
	      -0.664234	       -1.52043	        1.56837	        1.72339	      -0.891892	       -2.39664	       -20.4775	        3.67631	         1.3611	       0.849324	        34.5847
invIMIS 5
	        27.2423	       -4.16981	        7.78845	       -8.39639	      -0.540337	        29.8058	       -36.3942	        8.50682	         0.2353	       -9.84743	       -10.7691
	       -4.16981	        3.20323	       -1.95298	       -1.43183	        39.8598	       -4.19489	        24.5255	        1.61856	      -0.131741	         1.3969	         5.4976
	        7.78845	       -1.95298	        115.539	        6.16412	       -51.3934	       -63.3786	       -9.31429	        10.4808	       0.510519	        5.11819	        9.90094
	       -8.39639	       -1.43183	        6.16412	        162.852	        42.1128	       -8.13974	         18.588	        2.17306	       0.173698	        17.5163	       -5.06211
	      -0.540337	        39.8598	       -51.3934	        42.1128	        1396.92	        136.233	        161.124	        24.9211	       -5.18567	        31.2296	       -48.2895
	        29.8058	       -4.19489	       -63.3786	       -8.13974	        136.233	        898.673	       -232.451	        62.3415	        5.06584	        50.2932	       -14.6972
	       -36.3942	        24.5255	       -9.31429	         18.588	        161.124	       -232.451	        904.785	        27.4828	        14.9411	       -24.8046	       -51.1342
	        8.50682	        1.61856	        10.4808	        2.17306	        24.9211	        62.3415	        27.4828	        83.0818	        1.69821	         16.103	        13.0564
	         0.2353	      -0.131741	       0.510519	       0.173698	       -5.18567	        5.06584	        14.9411	        1.69821	        5.84918	      0.0055874	       -4.92311
	       -9.84743	         1.3969	        5.11819	        17.5163	        31.2296	        50.2932	       -24.8046	         16.103	      0.0055874	        45.8783	        25.5258
	       -10.7691	         5.4976	        9.90094	       -5.06211	       -48.2895	       -14.6972	       -51.1342	        13.0564	       -4.92311	        25.5258	        86.2961
invIMIS 6
	        17.7641	        1.53168	        14.5262	       -7.48237	        6.52719	        11.3151	        16.3312	        10.2851	       -3.89778	       -12.2707	       -11.3426
	        1.53168	        3.48636	        5.11621	       -7.22979	        5.50924	        14.0919	         13.497	        1.52295	      -0.846182	        4.32306	        7.78062
	        14.5262	        5.11621	        155.876	        34.3202	        9.20647	       -23.3685	        89.5659	        31.5177	       -2.42649	        -7.1482	       -3.33538
	       -7.48237	       -7.22979	        34.3202	        196.851	        21.5697	        57.3799	       -105.696	       -4.90528	        1.09742	        33.4174	        10.3057
	        6.52719	        5.50924	        9.20647	        21.5697	        1825.62	        29.9492	        -660.17	       -34.8629	        2.07437	        -67.478	        115.838
	        11.3151	        14.0919	       -23.3685	        57.3799	        29.9492	        1421.06	       -318.565	        57.3101	       -2.33324	        6.81681	       -23.2956
	        16.3312	         13.497	        89.5659	       -105.696	        -660.17	       -318.565	         895.73	        43.0697	       -20.3548	         32.876	       -118.171
	        10.2851	        1.52295	        31.5177	       -4.90528	       -34.8629	        57.3101	        43.0697	        142.043	        5.57729	        8.29152	        31.1628
	       -3.89778	      -0.846182	       -2.42649	        1.09742	        2.07437	       -2.33324	       -20.3548	        5.57729	        6.52749	       -1.85141	        2.71307
	       -12.2707	        4.32306	        -7.1482	        33.4174	        -67.478	        6.81681	         32.876	        8.29152	       -1.85141	        77.5007	        35.8926
	       -11.3426	        7.78062	       -3.33538	        10.3057	        115.838	       -23.2956	       -118.171	        31.1628	        2.71307	        35.8926	        109.745
invIMIS 7
	        25.1249	      0.0337143	         14.589	       -6.37817	        10.9869	        19.9106	       -15.9973	         12.079	       -2.13861	       -13.6113	       -9.92361
	      0.0337143	         5.2589	        3.38769	       -2.52066	         38.338	         14.749	        6.36397	        2.46107	      -0.569036	        5.73235	        1.80958
	         14.589	        3.38769	        176.711	        18.0299	      -0.705665	       -6.04636	        79.8878	        36.5451	        1.17094	        9.48926	        5.46255
	       -6.37817	       -2.52066	        18.0299	        210.991	        9.32458	       -1.54363	       -60.8096	        6.73018	        -2.9075	        20.3987	         11.991
	        10.9869	         38.338	      -0.705665	        9.32458	        1694.37	       -169.255	       -244.044	        24.0297	       -6.49644	        4.00607	        87.0608
	        19.9106	         14.749	       -6.04636	       -1.54363	       -169.255	        1333.45	       -317.769	         66.493	        7.10444	        43.1557	       -45.0774
	       -15.9973	        6.36397	        79.8878	       -60.8096	       -244.044	       -317.769	        900.034	        52.4868	       -3.16954	        5.95555	       -17.4617
	         12.079	        2.46107	        36.5451	        6.73018	        24.0297	         66.493	        52.4868	        152.348	          4.722	        26.0623	          48.99
	       -2.13861	      -0.569036	        1.17094	        -2.9075	       -6.49644	        7.10444	       -3.16954	          4.722	        4.69131	      -0.797785	         5.4264
	       -13.6113	        5.73235	        9.48926	        20.3987	        4.00607	        43.1557	        5.95555	        26.0623	      -0.797785	        90.6752	        50.4523
	       -9.92361	        1.80958	        5.46255	         11.991	        87.0608	       -45.0774	       -17.4617	          48.99	         5.4264	        50.4523	        65.0802
invIMIS 8
	        41.1278	        7.82699	        23.5708	        11.7459	        4.23525	        153.781	       -132.892	        19.9897	       -4.21357	       -8.36474	       -3.59868
	        7.82699	        17.3056	        27.0768	       -26.1833	        100.462	        25.7432	        22.1796	        31.7828	       -1.66924	        12.3502	        18.5587
	        23.5708	        27.0768	        655.352	        330.913	        172.469	       -78.1263	        68.3259	        20.2677	       -3.96086	        61.5302	        48.6836
	        11.7459	       -26.1833	        330.913	        845.456	       -76.3344	       -33.2432	        104.802	        216.345	       -19.7518	        98.6065	        48.0886
	        4.23525	        100.462	        172.469	       -76.3344	        3116.64	       -1138.22	       -61.7022	        203.138	       -59.0479	        95.5283	        374.975
	        153.781	        25.7432	       -78.1263	       -33.2432	       -1138.22	         5404.6	       -1468.02	        470.018	      -0.652231	          84.82	       -188.876
	       -132.892	        22.1796	        68.3259	        104.802	       -61.7022	       -1468.02	        1844.89	       -66.3466	        42.9555	       -101.376	       -9.67368
	        19.9897	        31.7828	        20.2677	        216.345	        203.138	        470.018	       -66.3466	        423.315	       -3.37428	        224.282	         207.08
	       -4.21357	       -1.66924	       -3.96086	       -19.7518	       -59.0479	      -0.652231	        42.9555	       -3.37428	        8.57498	        10.1385	        9.01356
	       -8.36474	        12.3502	        61.5302	        98.6065	        95.5283	          84.82	       -101.376	        224.282	        10.1385	        291.605	        200.059
	       -3.59868	        18.5587	        48.6836	        48.0886	        374.975	       -188.876	       -9.67368	         207.08	        9.01356	        200.059	        246.707
invIMIS 9
	          31.15	      -0.382438	        13.9957	       -1.97915	       -30.8728	        86.3532	       -36.0119	        6.59666	       -3.13289	       -12.1021	       -19.5268
	      -0.382438	        6.22792	        8.97291	       -13.3395	        54.8309	       -11.7592	        7.00861	        8.80538	      -0.930513	         8.4117	        9.30143
	        13.9957	        8.97291	        356.612	        152.065	        13.9666	       -76.0495	        103.504	        33.1962	       -4.18007	        41.3415	        27.6615
	       -1.97915	       -13.3395	        152.065	        465.742	       -23.7673	       -45.6706	       -19.6291	        84.1448	        3.36338	        69.7275	        53.7225
	       -30.8728	        54.8309	        13.9666	       -23.7673	        1203.98	       -23.1787	       -90.0209	        60.3896	       -6.74422	        23.8348	        88.0126
	        86.3532	       -11.7592	       -76.0495	       -45.6706	       -23.1787	         2214.7	       -873.909	        173.051	        38.4296	        153.407	        151.849
	       -36.0119	        7.00861	        103.504	       -19.6291	       -90.0209	       -873.909	        1358.61	        -39.815	        13.3401	       -18.0134	       -73.2995
	        6.59666	        8.80538	        33.1962	        84.1448	        60.3896	        173.051	        -39.815	        210.699	        2.53503	         93.776	         99.477
	       -3.13289	      -0.930513	       -4.18007	        3.36338	       -6.74422	        38.4296	        13.3401	        2.53503	        6.86207	        2.34163	        5.42496
	       -12.1021	         8.4117	        41.3415	        69.7275	        23.8348	        153.407	       -18.0134	         93.776	        2.34163	        162.184	        109.373
	       -19.5268	        9.30143	        27.6615	        53.7225	        88.0126	        151.849	       -73.2995	         99.477	        5.42496	        109.373	        140.301
invIMIS 10
	        57.9791	        5.11972	         24.416	       -17.5435	       -49.2117	        105.198	       -89.5027	        16.4153	       -1.28477	       -32.1858	       -18.9763
	        5.11972	        9.42016	        17.9546	       -12.8619	        49.0672	       -2.92192	       -25.4724	        16.8891	       -1.07661	        6.39963	        9.49727
	         24.416	        17.9546	        468.615	        98.3703	        158.677	       -86.6254	        76.7531	        28.5028	       -4.91746	        28.4024	        18.9153
	       -17.5435	       -12.8619	        98.3703	        609.049	       -77.0994	       -138.234	        101.348	        134.263	       -1.93396	        38.1622	         38.964
	       -49.2117	        49.0672	        158.677	       -77.0994	        1538.14	       -50.6517	       -263.731	        168.622	       -32.3152	       -6.78409	        87.8125
	        105.198	       -2.92192	       -86.6254	       -138.234	       -50.6517	        3757.36	       -1131.68	         368.71	        70.7919	        250.025	        159.785
	       -89.5027	       -25.4724	        76.7531	        101.348	       -263.731	       -1131.68	        843.327	       -181.461	       -27.8663	       -104.241	       -198.153
	        16.4153	        16.8891	        28.5028	        134.263	        168.622	         368.71	       -181.461	        281.008	       -1.67601	         138.44	        127.665
	       -1.28477	       -1.07661	       -4.91746	       -1.93396	       -32.3152	        70.7919	       -27.8663	       -1.67601	        13.8136	        7.06301	        4.56697
	       -32.1858	        6.39963	        28.4024	        38.1622	       -6.78409	        250.025	       -104.241	         138.44	        7.06301	        257.022	        168.233
	       -18.9763	        9.49727	        18.9153	         38.964	        87.8125	        159.785	       -198.153	        127.665	        4.56697	        168.233	         191.62
invIMIS 11
	        65.3728	        5.45931	        33.3257	        21.1809	       -5.78531	        224.658	       -159.215	        1.08281	        4.09586	       -53.1556	       -25.7737
	        5.45931	        7.00615	        33.9728	        12.6759	        51.7053	        38.1631	        -22.772	        26.0944	       0.139169	        12.3504	        17.3791
	        33.3257	        33.9728	        1356.11	        853.419	        530.645	       -629.007	        447.288	        276.091	         -18.72	        203.676	        165.928
	        21.1809	        12.6759	        853.419	         1522.1	        89.8632	       -303.668	        176.385	        466.299	       -21.2171	        351.152	        290.656
	       -5.78531	        51.7053	        530.645	        89.8632	        1682.64	        90.5665	       -112.701	          159.7	       -47.4252	        65.5003	        141.742
	        224.658	        38.1631	       -629.007	       -303.668	        90.5665	         7640.1	        -3236.5	        993.793	        70.6763	        748.991	        711.128
	       -159.215	        -22.772	        447.288	        176.385	       -112.701	        -3236.5	        2734.97	       -183.945	       -21.8464	       -68.8627	       -123.491
	        1.08281	        26.0944	        276.091	        466.299	          159.7	        993.793	       -183.945	        573.702	         8.0478	        428.098	        377.173
	        4.09586	       0.139169	         -18.72	       -21.2171	       -47.4252	        70.6763	       -21.8464	         8.0478	        11.0258	        15.1053	        7.79579
	       -53.1556	        12.3504	        203.676	        351.152	        65.5003	        748.991	       -68.8627	        428.098	        15.1053	        439.035	        326.276
	       -25.7737	        17.3791	        165.928	        290.656	        141.742	        711.128	       -123.491	        377.173	        7.79579	        326.276	        315.511
invIMIS 12
	        68.4523	        3.29445	        26.2989	       -26.6611	        -18.358	         309.86	       -237.893	        12.6038	        1.35734	       -44.5172	       -12.5175
	        3.29445	        10.2941	        15.4854	       -5.70207	        53.8391	       -2.25209	       -12.6762	        21.9575	        1.02774	        13.3273	        17.8494
	        26.2989	        15.4854	        860.456	        438.224	        51.5309	       -315.597	        169.954	        10.5545	       -3.19455	        46.7365	        9.61859
	       -26.6611	       -5.70207	        438.224	        869.655	        66.7638	       -553.984	        257.293	        231.903	       -19.4502	        119.629	        150.446
	        -18.358	        53.8391	        51.5309	        66.7638	        2786.64	       -1054.03	       -401.063	         206.11	       -7.44617	        144.211	         92.671
	         309.86	       -2.25209	       -315.597	       -553.984	       -1054.03	        6784.74	        -2897.5	        418.742	        38.7298	        305.392	        177.896
	       -237.893	       -12.6762	        169.954	        257.293	       -401.063	        -2897.5	        3556.28	       -64.5559	        6.10461	        55.9986	       -58.2188
	        12.6038	        21.9575	        10.5545	        231.903	         206.11	        418.742	       -64.5559	         367.21	       -8.32933	        224.663	        172.239
	        1.35734	        1.02774	       -3.19455	       -19.4502	       -7.44617	        38.7298	        6.10461	       -8.32933	        10.9664	        5.42027	        18.9367
	       -44.5172	        13.3273	        46.7365	        119.629	        144.211	        305.392	        55.9986	        224.663	        5.42027	        268.627	        183.919
	       -12.5175	        17.8494	        9.61859	        150.446	         92.671	        177.896	       -58.2188	        172.239	        18.9367	        183.919	        227.731
invIMIS 13
	        96.6666	        9.38203	        93.3179	         69.537	        32.3022	        231.556	       -200.591	       -7.40042	       -1.05814	       -70.2471	       -54.7284
	        9.38203	        13.0768	        36.0895	        3.34315	        87.3318	       -25.7305	       -28.5553	        21.5394	       -2.30585	        9.92972	        19.7081
	        93.3179	        36.0895	         1835.4	        1084.09	        223.435	       -823.128	        768.614	        292.282	       -11.5516	        225.674	        161.993
	         69.537	        3.34315	        1084.09	        2186.05	       -148.395	        43.6403	        284.957	        663.733	       -7.76227	        446.311	        259.361
	        32.3022	        87.3318	        223.435	       -148.395	        3509.59	        -1161.3	        92.2073	        459.932	       -94.8605	        118.973	        363.695
	        231.556	       -25.7305	       -823.128	        43.6403	        -1161.3	        7882.53	       -3955.11	        637.882	       -31.1524	        553.736	        260.909
	       -200.591	       -28.5553	        768.614	        284.957	        92.2073	       -3955.11	        3231.85	       -460.578	        2.92924	       -323.647	       -206.845
	       -7.40042	        21.5394	        292.282	        663.733	        459.932	        637.882	       -460.578	        646.179	       -3.64598	        446.562	        407.498
	       -1.05814	       -2.30585	       -11.5516	       -7.76227	       -94.8605	       -31.1524	        2.92924	       -3.64598	        7.88888	        5.13121	        6.80872
	       -70.2471	        9.92972	        225.674	        446.311	        118.973	        553.736	       -323.647	        446.562	        5.13121	        474.525	         360.83
	       -54.7284	        19.7081	        161.993	        259.361	        363.695	        260.909	       -206.845	        407.498	        6.80872	         360.83	        430.352
invIMIS 14
	        48.5424	        1.44205	        28.2539	       -21.8414	       -4.92879	        146.945	       -101.133	        25.9605	        1.31549	       -20.1439	       -1.14038
	        1.44205	        9.23252	        12.7506	       -5.72782	        78.0744	        23.5061	       -18.8971	        17.9618	      -0.885742	         14.225	        14.8877
	        28.2539	        12.7506	        777.589	        456.468	        71.5528	       -289.004	        280.695	        54.6771	       -2.79029	        53.8769	        77.8149
	       -21.8414	       -5.72782	        456.468	        918.918	       -17.0221	       -228.841	        163.509	        256.587	       -6.25385	        189.968	        158.566
	       -4.92879	        78.0744	        71.5528	       -17.0221	        2794.34	       -678.138	        32.5715	        161.654	       -28.7368	        155.702	        120.489
	        146.945	        23.5061	       -289.004	       -228.841	       -678.138	        5149.31	       -2417.19	        601.476	        1.94425	        431.297	        311.164
	       -101.133	       -18.8971	        280.695	        163.509	        32.5715	       -2417.19	         2501.2	       -229.952	        1.28793	       -221.962	       -159.348
	        25.9605	        17.9618	        54.6771	        256.587	        161.654	        601.476	       -229.952	        357.303	        4.45207	        232.221	        219.667
	        1.31549	      -0.885742	       -2.79029	       -6.25385	       -28.7368	        1.94425	        1.28793	        4.45207	        6.65429	        3.75708	        7.94379
	       -20.1439	         14.225	        53.8769	        189.968	        155.702	        431.297	       -221.962	        232.221	        3.75708	        243.426	        192.988
	       -1.14038	        14.8877	        77.8149	        158.566	        120.489	        311.164	       -159.348	        219.667	        7.94379	        192.988	        216.497
invIMIS 15
	        67.0244	        1.53161	        69.9437	        7.05171	       -71.7071	        425.291	       -214.743	        38.1181	       0.729366	        3.80405	       0.728965
	        1.53161	        10.6955	        32.8087	        46.7131	        31.9506	        73.1028	       -26.8834	        58.7018	       -0.27826	        40.5324	        42.3004
	        69.9437	        32.8087	        2233.02	        1656.79	        109.457	       -1322.37	        883.425	        300.824	       -17.9061	        280.955	         176.95
	        7.05171	        46.7131	        1656.79	        2560.99	        185.931	       -513.726	        482.328	        968.514	       -9.76019	         698.77	        697.729
	       -71.7071	        31.9506	        109.457	        185.931	        2654.14	       -136.856	       -313.034	        470.981	        27.2643	        551.706	        413.458
	        425.291	        73.1028	       -1322.37	       -513.726	       -136.856	        15821.5	       -6957.22	        1731.14	        40.2362	        1254.12	        1060.42
	       -214.743	       -26.8834	        883.425	        482.328	       -313.034	       -6957.22	        3990.74	       -796.722	       -28.3571	       -675.163	       -607.761
	        38.1181	        58.7018	        300.824	        968.514	        470.981	        1731.14	       -796.722	        972.045	        11.0715	        647.995	         654.38
	       0.729366	       -0.27826	       -17.9061	       -9.76019	        27.2643	        40.2362	       -28.3571	        11.0715	        5.43774	        7.21641	        5.10758
	        3.80405	        40.5324	        280.955	         698.77	        551.706	        1254.12	       -675.163	        647.995	        7.21641	        524.371	        487.333
	       0.728965	        42.3004	         176.95	        697.729	        413.458	        1060.42	       -607.761	         654.38	        5.10758	        487.333	        518.808
invIMIS 16
	        38.5578	       -8.42405	        33.8116	        -5.8138	       -63.1448	        179.642	       -107.739	        19.1098	       -3.20037	       -18.4615	       -8.70382
	       -8.42405	         8.0348	        2.33054	        5.38623	          16.54	       -32.7555	        5.25811	        11.5372	       -1.71837	        18.3568	        18.1278
	        33.8116	        2.33054	        789.063	        411.852	         111.84	       -214.468	        204.941	        37.3847	       -4.74021	        35.7221	        13.8989
	        -5.8138	        5.38623	        411.852	        904.748	       -188.804	       -169.291	        309.546	        261.236	       -7.34244	        167.392	        151.105
	       -63.1448	          16.54	         111.84	       -188.804	        2375.99	       -564.994	       -521.878	        63.7693	       -19.3293	        217.638	        30.8138
	        179.642	       -32.7555	       -214.468	       -169.291	       -564.994	        6105.68	       -2215.92	        380.763	        15.5872	        166.524	         124.53
	       -107.739	        5.25811	        204.941	        309.546	       -521.878	       -2215.92	        2681.88	       -180.769	        -23.714	       -150.136	       -211.789
	        19.1098	        11.5372	        37.3847	        261.236	        63.7693	        380.763	       -180.769	        300.777	        -2.9525	        186.425	        189.108
	       -3.20037	       -1.71837	       -4.74021	       -7.34244	       -19.3293	        15.5872	        -23.714	        -2.9525	        9.16629	        8.49493	        11.1152
	       -18.4615	        18.3568	        35.7221	        167.392	        217.638	        166.524	       -150.136	        186.425	        8.49493	        203.217	        181.175
	       -8.70382	        18.1278	        13.8989	        151.105	        30.8138	         124.53	       -211.789	        189.108	        11.1152	        181.175	        225.397
invIMIS 17
	        53.2105	         9.6683	        136.397	       -56.1819	         91.297	         236.22	       -98.7168	        12.7406	        4.36736	       -3.73056	       -2.83119
	         9.6683	        14.3866	        46.1352	        9.06013	        65.9355	        70.8347	       -39.9594	        41.5022	        1.08024	        19.3342	        31.4429
	        136.397	        46.1352	         1977.6	        1355.59	        449.138	       -758.167	        266.783	        303.995	       -22.9073	        184.998	        188.078
	       -56.1819	        9.06013	        1355.59	        2138.04	        268.207	       -745.464	        591.534	        660.302	       -30.6037	        555.989	        509.502
	         91.297	        65.9355	        449.138	        268.207	        2445.02	        515.547	       -561.149	        250.763	        -37.595	        80.2119	        180.599
	         236.22	        70.8347	       -758.167	       -745.464	        515.547	        11750.2	       -4599.37	        1478.13	        69.2515	         1137.9	          989.1
	       -98.7168	       -39.9594	        266.783	        591.534	       -561.149	       -4599.37	        3565.64	       -449.019	        -38.159	       -355.254	       -303.858
	        12.7406	        41.5022	        303.995	        660.302	        250.763	        1478.13	       -449.019	        767.273	        2.15336	        538.834	         502.12
	        4.36736	        1.08024	       -22.9073	       -30.6037	        -37.595	        69.2515	        -38.159	        2.15336	        15.4517	        10.9522	        16.0182
	       -3.73056	        19.3342	        184.998	        555.989	        80.2119	         1137.9	       -355.254	        538.834	        10.9522	        491.124	        407.384
	       -2.83119	        31.4429	        188.078	        509.502	        180.599	          989.1	       -303.858	         502.12	        16.0182	        407.384	        465.897
invIMIS 18
	         57.308	        2.73563	        49.0237	       -60.0208	        6.03141	         182.85	       -128.475	       -15.2444	        3.37526	       -31.1928	       -22.2785
	        2.73563	        7.41177	        24.2009	       -6.11426	        39.5975	        5.60776	       -23.5133	        15.6628	        1.76102	         11.338	        15.3962
	        49.0237	        24.2009	        1425.01	        849.593	        22.7729	       -953.257	        557.505	        164.019	       -19.4737	        109.922	        75.2603
	       -60.0208	       -6.11426	        849.593	        1729.28	        44.8688	        31.2276	        179.771	        604.911	        5.65128	         494.32	        455.562
	        6.03141	        39.5975	        22.7729	        44.8688	        1728.55	        399.456	       -655.023	        302.951	        32.9153	        291.442	        190.845
	         182.85	        5.60776	       -953.257	        31.2276	        399.456	        8094.42	       -3287.77	        919.493	         61.108	        593.885	          439.7
	       -128.475	       -23.5133	        557.505	        179.771	       -655.023	       -3287.77	        2260.56	       -475.711	       -57.1192	       -339.293	       -338.365
	       -15.2444	        15.6628	        164.019	        604.911	        302.951	        919.493	       -475.711	        565.845	        20.8786	        424.844	        396.257
	        3.37526	        1.76102	       -19.4737	        5.65128	        32.9153	         61.108	       -57.1192	        20.8786	        5.73638	         13.247	        16.2916
	       -31.1928	         11.338	        109.922	         494.32	        291.442	        593.885	       -339.293	        424.844	         13.247	         360.21	        322.982
	       -22.2785	        15.3962	        75.2603	        455.562	        190.845	          439.7	       -338.365	        396.257	        16.2916	        322.982	        359.636
invIMIS 19
	        38.5456	         2.3925	        35.6247	       -82.9526	       -49.4206	        181.309	       -158.464	       -29.3577	       -1.32547	       -25.4893	       -7.49883
	         2.3925	        9.97833	        41.5151	        30.3181	        48.7313	       -22.1077	        14.3205	        46.6163	        0.73458	        37.1695	        33.4947
	        35.6247	        41.5151	        2532.84	        2112.16	        404.708	       -1240.04	        740.589	        587.592	       -5.97266	         484.95	         413.72
	       -82.9526	        30.3181	        2112.16	        2951.42	        451.091	       -1189.28	        810.957	        856.245	        7.45367	        749.138	        665.774
	       -49.4206	        48.7313	        404.708	        451.091	        2841.51	       -443.194	        236.054	        654.121	        16.4097	        616.271	        484.092
	        181.309	       -22.1077	       -1240.04	       -1189.28	       -443.194	        9086.05	       -3376.05	        275.448	       -38.7157	        234.603	        35.0981
	       -158.464	        14.3205	        740.589	        810.957	        236.054	       -3376.05	        2327.62	        20.2674	        8.73809	       -29.2599	       -40.9218
	       -29.3577	        46.6163	        587.592	        856.245	        654.121	        275.448	        20.2674	         747.01	       0.822348	        634.978	        564.116
	       -1.32547	        0.73458	       -5.97266	        7.45367	        16.4097	       -38.7157	        8.73809	       0.822348	        4.17579	       -6.85495	       -2.19578
	       -25.4893	        37.1695	         484.95	        749.138	        616.271	        234.603	       -29.2599	        634.978	       -6.85495	        610.446	        498.333
	       -7.49883	        33.4947	         413.72	        665.774	        484.092	        35.0981	       -40.9218	        564.116	       -2.19578	        498.333	        510.361
invIMIS 20
	        51.8977	       -1.51136	        111.004	        -19.553	       -92.7191	        415.644	       -159.995	        40.7126	       -2.52579	        31.4479	        38.2357
	       -1.51136	         7.0819	        51.9837	        94.3285	       -10.3247	        63.2009	       -29.3727	        58.3924	       0.274903	        42.8795	        41.3202
	        111.004	        51.9837	         3622.8	        3277.58	       -494.411	       -999.181	        810.307	        875.912	       -17.9948	        637.456	        501.625
	        -19.553	        94.3285	        3277.58	        4624.69	       -135.108	       -708.053	        808.351	        1548.57	        14.1656	        1180.05	        1066.38
	       -92.7191	       -10.3247	       -494.411	       -135.108	        1012.34	       -841.145	        434.261	       -33.7145	        -3.6801	       -22.1003	       -71.5217
	        415.644	        63.2009	       -999.181	       -708.053	       -841.145	        14901.1	       -5392.03	        1820.98	        50.4829	        1453.59	        1124.21
	       -159.995	       -29.3727	        810.307	        808.351	        434.261	       -5392.03	        2926.86	       -582.817	       -9.77417	        -497.65	       -385.671
	        40.7126	        58.3924	        875.912	        1548.57	       -33.7145	        1820.98	       -582.817	        1189.49	        10.9856	         881.82	        832.514
	       -2.52579	       0.274903	       -17.9948	        14.1656	        -3.6801	        50.4829	       -9.77417	        10.9856	         5.5184	        3.00247	        6.31187
	        31.4479	        42.8795	        637.456	        1180.05	       -22.1003	        1453.59	        -497.65	         881.82	        3.00247	        731.976	        630.875
	        38.2357	        41.3202	        501.625	        1066.38	       -71.5217	        1124.21	       -385.671	        832.514	        6.31187	        630.875	         682.51
invIMIS 21
	        90.3651	       -1.10353	        147.801	       -1.07421	       -152.411	        620.497	       -332.313	        -20.404	        -5.2324	       -7.11264	          15.57
	       -1.10353	        16.1581	        81.3653	        134.908	       -15.3621	        79.4414	       -32.0501	        80.3507	       0.794226	         63.026	         55.256
	        147.801	        81.3653	        5571.87	        4848.34	       -971.955	       -2187.74	        2010.81	        1174.05	       -20.9325	        877.173	         736.28
	       -1.07421	        134.908	        4848.34	        6051.21	       -633.907	       -2856.17	        2725.99	        2017.35	       -9.51291	        1552.87	        1546.54
	       -152.411	       -15.3621	       -971.955	       -633.907	        1224.22	        -1131.1	        468.356	        -156.81	       -12.7518	       -104.566	       -152.581
	        620.497	        79.4414	       -2187.74	       -2856.17	        -1131.1	        19877.8	       -7891.09	        1246.34	       -41.9328	        915.481	        685.407
	       -332.313	       -32.0501	        2010.81	        2725.99	        468.356	       -7891.09	        5235.64	       -241.151	        20.6915	       -251.343	        -226.55
	        -20.404	        80.3507	        1174.05	        2017.35	        -156.81	        1246.34	       -241.151	        1514.55	        6.02956	        1183.63	        1077.53
	        -5.2324	       0.794226	       -20.9325	       -9.51291	       -12.7518	       -41.9328	        20.6915	        6.02956	        8.18518	       -15.4219	        1.86026
	       -7.11264	         63.026	        877.173	        1552.87	       -104.566	        915.481	       -251.343	        1183.63	       -15.4219	        1045.84	        894.824
	          15.57	         55.256	         736.28	        1546.54	       -152.581	        685.407	        -226.55	        1077.53	        1.86026	        894.824	         972.25
