	       0.962135	        1.32689	        1.12822	        1.14635	        1.26363	         1.3774	        1.23079	        1.22591	        1.13954	       0.689096	        1.01236	       0.752511	        1.02638	        1.02359	        0.93363	       0.782335	       0.860168	       0.945889	        1.09463	         1.0609	        1.35915	        1.01967	              0	              0	              0	              0	              0	              0	              0	              0	              0	              0	              0	              0	              0	              0	              0	              0	              0	              0	              0	              0	              0	              0	              0	              0	              0	              0	              0	              0	              0	              0	              0	              0	              0	              0	              0	              0	              0	              0	              0	              0	              0	              0	              0	              0	              0	              0	              0	              0	              0	              0	              0	              0	              0	              0	              0	              0	              0	              0	              0	              0	              0	              0	              0	              0	              0	              0	              0	              0	              0	              0	              0	              0	              0	              0	              0	              0	              0	              0	              0	              0	              0	              0	              0	              0	              0	              0	              0	              0	              0	              0	              0	              0	              0	              0	              0	              0	              0	              0	              0	              0	              0	              0	              0	              0	              0	              0	              0	              0	              0	              0	              0	              0	              0	              0	              0	              0	              0	              0	              0	              0	              0	              0	              0	              0	              0	              0	              0	              0	              0	              0	              0	              0	              0	              0	              0	              0	              0	              0	              0	              0	              0	              0	              0	              0	              0	              0	              0	              0	              0	              0	              0	              0	              0	              0	              0	              0	              0	              0	              0	              0	              0	              0	              0	              0	              0	              0	              0	              0	              0	              0	              0	              0	              0	              0	              0	              0	              0	              0
	        1.43173	        3.15512	       0.636685	       0.114505	        1.49175	       0.517459	       0.703833	       0.449211	        0.68224	       0.859935	       0.882774	       0.193392	       0.826761	       0.785329	       0.634691	       0.330592	       0.670469	       0.672331	       0.489233	       0.521848	       0.528492	       0.396401	              0	              0	              0	              0	              0	              0	              0	              0	              0	              0	              0	              0	              0	              0	              0	              0	              0	              0	              0	              0	              0	              0	              0	              0	              0	              0	              0	              0	              0	              0	              0	              0	              0	              0	              0	              0	              0	              0	              0	              0	              0	              0	              0	              0	              0	              0	              0	              0	              0	              0	              0	              0	              0	              0	              0	              0	              0	              0	              0	              0	              0	              0	              0	              0	              0	              0	              0	              0	              0	              0	              0	              0	              0	              0	              0	              0	              0	              0	              0	              0	              0	              0	              0	              0	              0	              0	              0	              0	              0	              0	              0	              0	              0	              0	              0	              0	              0	              0	              0	              0	              0	              0	              0	              0	              0	              0	              0	              0	              0	              0	              0	              0	              0	              0	              0	              0	              0	              0	              0	              0	              0	              0	              0	              0	              0	              0	              0	              0	              0	              0	              0	              0	              0	              0	              0	              0	              0	              0	              0	              0	              0	              0	              0	              0	              0	              0	              0	              0	              0	              0	              0	              0	              0	              0	              0	              0	              0	              0	              0	              0	              0	              0	              0	              0	              0	              0	              0	              0	              0	              0	              0	              0	              0	              0	              0	              0	              0	              0
	       -4.55851	         -4.629	        -4.6594	       -4.56482	       -4.58928	       -4.58391	       -4.58565	       -4.52379	        -4.5442	       -4.47799	       -4.53898	        -4.4662	       -4.54089	        -4.5349	       -4.51822	       -4.49077	       -4.50903	       -4.52117	       -4.53877	       -4.53474	       -4.54974	       -4.52838	              0	              0	              0	              0	              0	              0	              0	              0	              0	              0	              0	              0	              0	              0	              0	              0	              0	              0	              0	              0	              0	              0	              0	              0	              0	              0	              0	              0	              0	              0	              0	              0	              0	              0	              0	              0	              0	              0	              0	              0	              0	              0	              0	              0	              0	              0	              0	              0	              0	              0	              0	              0	              0	              0	              0	              0	              0	              0	              0	              0	              0	              0	              0	              0	              0	              0	              0	              0	              0	              0	              0	              0	              0	              0	              0	              0	              0	              0	              0	              0	              0	              0	              0	              0	              0	              0	              0	              0	              0	              0	              0	              0	              0	              0	              0	              0	              0	              0	              0	              0	              0	              0	              0	              0	              0	              0	              0	              0	              0	              0	              0	              0	              0	              0	              0	              0	              0	              0	              0	              0	              0	              0	              0	              0	              0	              0	              0	              0	              0	              0	              0	              0	              0	              0	              0	              0	              0	              0	              0	              0	              0	              0	              0	              0	              0	              0	              0	              0	              0	              0	              0	              0	              0	              0	              0	              0	              0	              0	              0	              0	              0	              0	              0	              0	              0	              0	              0	              0	              0	              0	              0	              0	              0	              0	              0	              0	              0	              0
	       -4.86713	       -4.81824	       -4.77926	        -4.9117	       -4.86269	       -4.89177	       -4.89396	       -4.94892	       -4.92306	       -4.96526	        -4.9314	       -5.00514	       -4.93407	       -4.93437	       -4.93684	        -4.9703	       -4.94961	       -4.94138	       -4.93502	       -4.94058	       -5.00151	       -4.94491	              0	              0	              0	              0	              0	              0	              0	              0	              0	              0	              0	              0	              0	              0	              0	              0	              0	              0	              0	              0	              0	              0	              0	              0	              0	              0	              0	              0	              0	              0	              0	              0	              0	              0	              0	              0	              0	              0	              0	              0	              0	              0	              0	              0	              0	              0	              0	              0	              0	              0	              0	              0	              0	              0	              0	              0	              0	              0	              0	              0	              0	              0	              0	              0	              0	              0	              0	              0	              0	              0	              0	              0	              0	              0	              0	              0	              0	              0	              0	              0	              0	              0	              0	              0	              0	              0	              0	              0	              0	              0	              0	              0	              0	              0	              0	              0	              0	              0	              0	              0	              0	              0	              0	              0	              0	              0	              0	              0	              0	              0	              0	              0	              0	              0	              0	              0	              0	              0	              0	              0	              0	              0	              0	              0	              0	              0	              0	              0	              0	              0	              0	              0	              0	              0	              0	              0	              0	              0	              0	              0	              0	              0	              0	              0	              0	              0	              0	              0	              0	              0	              0	              0	              0	              0	              0	              0	              0	              0	              0	              0	              0	              0	              0	              0	              0	              0	              0	              0	              0	              0	              0	              0	              0	              0	              0	              0	              0	              0
	       0.193229	       0.215937	        0.23515	       0.281914	       0.262153	       0.275982	        0.28794	       0.274116	       0.263131	       0.209527	       0.256191	       0.266597	       0.266327	       0.256198	       0.261237	       0.251811	       0.259527	       0.256382	       0.261368	       0.248253	       0.218997	       0.250069	              0	              0	              0	              0	              0	              0	              0	              0	              0	              0	              0	              0	              0	              0	              0	              0	              0	              0	              0	              0	              0	              0	              0	              0	              0	              0	              0	              0	              0	              0	              0	              0	              0	              0	              0	              0	              0	              0	              0	              0	              0	              0	              0	              0	              0	              0	              0	              0	              0	              0	              0	              0	              0	              0	              0	              0	              0	              0	              0	              0	              0	              0	              0	              0	              0	              0	              0	              0	              0	              0	              0	              0	              0	              0	              0	              0	              0	              0	              0	              0	              0	              0	              0	              0	              0	              0	              0	              0	              0	              0	              0	              0	              0	              0	              0	              0	              0	              0	              0	              0	              0	              0	              0	              0	              0	              0	              0	              0	              0	              0	              0	              0	              0	              0	              0	              0	              0	              0	              0	              0	              0	              0	              0	              0	              0	              0	              0	              0	              0	              0	              0	              0	              0	              0	              0	              0	              0	              0	              0	              0	              0	              0	              0	              0	              0	              0	              0	              0	              0	              0	              0	              0	              0	              0	              0	              0	              0	              0	              0	              0	              0	              0	              0	              0	              0	              0	              0	              0	              0	              0	              0	              0	              0	              0	              0	              0	              0	              0
	        3.50245	        3.47312	        3.54641	        3.52304	          3.516	        3.54002	        3.50478	        3.52076	         3.5216	        3.48714	        3.52901	        3.53245	        3.53948	        3.52839	        3.52621	        3.52299	        3.52756	        3.52501	        3.51111	        3.51824	        3.50482	         3.5241	              0	              0	              0	              0	              0	              0	              0	              0	              0	              0	              0	              0	              0	              0	              0	              0	              0	              0	              0	              0	              0	              0	              0	              0	              0	              0	              0	              0	              0	              0	              0	              0	              0	              0	              0	              0	              0	              0	              0	              0	              0	              0	              0	              0	              0	              0	              0	              0	              0	              0	              0	              0	              0	              0	              0	              0	              0	              0	              0	              0	              0	              0	              0	              0	              0	              0	              0	              0	              0	              0	              0	              0	              0	              0	              0	              0	              0	              0	              0	              0	              0	              0	              0	              0	              0	              0	              0	              0	              0	              0	              0	              0	              0	              0	              0	              0	              0	              0	              0	              0	              0	              0	              0	              0	              0	              0	              0	              0	              0	              0	              0	              0	              0	              0	              0	              0	              0	              0	              0	              0	              0	              0	              0	              0	              0	              0	              0	              0	              0	              0	              0	              0	              0	              0	              0	              0	              0	              0	              0	              0	              0	              0	              0	              0	              0	              0	              0	              0	              0	              0	              0	              0	              0	              0	              0	              0	              0	              0	              0	              0	              0	              0	              0	              0	              0	              0	              0	              0	              0	              0	              0	              0	              0	              0	              0	              0	              0	              0
	        2.99937	        2.98051	        3.11061	        3.04488	        3.04418	        3.07351	         3.0635	        3.07734	        3.05923	        2.94532	        3.07758	        3.07056	        3.09478	        3.07404	        3.05821	        3.05107	         3.0622	        3.06057	        3.05206	        3.06192	        3.11296	        3.07107	              0	              0	              0	              0	              0	              0	              0	              0	              0	              0	              0	              0	              0	              0	              0	              0	              0	              0	              0	              0	              0	              0	              0	              0	              0	              0	              0	              0	              0	              0	              0	              0	              0	              0	              0	              0	              0	              0	              0	              0	              0	              0	              0	              0	              0	              0	              0	              0	              0	              0	              0	              0	              0	              0	              0	              0	              0	              0	              0	              0	              0	              0	              0	              0	              0	              0	              0	              0	              0	              0	              0	              0	              0	              0	              0	              0	              0	              0	              0	              0	              0	              0	              0	              0	              0	              0	              0	              0	              0	              0	              0	              0	              0	              0	              0	              0	              0	              0	              0	              0	              0	              0	              0	              0	              0	              0	              0	              0	              0	              0	              0	              0	              0	              0	              0	              0	              0	              0	              0	              0	              0	              0	              0	              0	              0	              0	              0	              0	              0	              0	              0	              0	              0	              0	              0	              0	              0	              0	              0	              0	              0	              0	              0	              0	              0	              0	              0	              0	              0	              0	              0	              0	              0	              0	              0	              0	              0	              0	              0	              0	              0	              0	              0	              0	              0	              0	              0	              0	              0	              0	              0	              0	              0	              0	              0	              0	              0	              0
	        1.08542	        1.39575	         1.3117	        1.40799	        1.27355	        1.24226	        1.32882	        1.39496	        1.37737	         1.5482	        1.45401	        1.61369	         1.4496	        1.41907	        1.45063	        1.49375	        1.47914	        1.46704	        1.59124	        1.52153	        1.79083	         1.4967	              0	              0	              0	              0	              0	              0	              0	              0	              0	              0	              0	              0	              0	              0	              0	              0	              0	              0	              0	              0	              0	              0	              0	              0	              0	              0	              0	              0	              0	              0	              0	              0	              0	              0	              0	              0	              0	              0	              0	              0	              0	              0	              0	              0	              0	              0	              0	              0	              0	              0	              0	              0	              0	              0	              0	              0	              0	              0	              0	              0	              0	              0	              0	              0	              0	              0	              0	              0	              0	              0	              0	              0	              0	              0	              0	              0	              0	              0	              0	              0	              0	              0	              0	              0	              0	              0	              0	              0	              0	              0	              0	              0	              0	              0	              0	              0	              0	              0	              0	              0	              0	              0	              0	              0	              0	              0	              0	              0	              0	              0	              0	              0	              0	              0	              0	              0	              0	              0	              0	              0	              0	              0	              0	              0	              0	              0	              0	              0	              0	              0	              0	              0	              0	              0	              0	              0	              0	              0	              0	              0	              0	              0	              0	              0	              0	              0	              0	              0	              0	              0	              0	              0	              0	              0	              0	              0	              0	              0	              0	              0	              0	              0	              0	              0	              0	              0	              0	              0	              0	              0	              0	              0	              0	              0	              0	              0	              0	              0
	        1.32224	       0.346151	       -1.01763	      -0.801082	      -0.244797	      -0.464712	     -0.0858055	      -0.454401	      -0.524683	      -0.402125	       -0.42856	      -0.237766	      -0.245303	      -0.574944	      -0.580756	       -0.68984	      -0.565838	       -0.66695	       -1.04636	      -0.854383	       -1.81253	      -0.853854	              0	              0	              0	              0	              0	              0	              0	              0	              0	              0	              0	              0	              0	              0	              0	              0	              0	              0	              0	              0	              0	              0	              0	              0	              0	              0	              0	              0	              0	              0	              0	              0	              0	              0	              0	              0	              0	              0	              0	              0	              0	              0	              0	              0	              0	              0	              0	              0	              0	              0	              0	              0	              0	              0	              0	              0	              0	              0	              0	              0	              0	              0	              0	              0	              0	              0	              0	              0	              0	              0	              0	              0	              0	              0	              0	              0	              0	              0	              0	              0	              0	              0	              0	              0	              0	              0	              0	              0	              0	              0	              0	              0	              0	              0	              0	              0	              0	              0	              0	              0	              0	              0	              0	              0	              0	              0	              0	              0	              0	              0	              0	              0	              0	              0	              0	              0	              0	              0	              0	              0	              0	              0	              0	              0	              0	              0	              0	              0	              0	              0	              0	              0	              0	              0	              0	              0	              0	              0	              0	              0	              0	              0	              0	              0	              0	              0	              0	              0	              0	              0	              0	              0	              0	              0	              0	              0	              0	              0	              0	              0	              0	              0	              0	              0	              0	              0	              0	              0	              0	              0	              0	              0	              0	              0	              0	              0	              0	              0
	       -6.66873	       -6.86078	       -7.11537	       -6.85265	       -6.92192	       -6.79116	       -6.52624	        -6.6749	       -6.72071	       -6.69566	        -6.7413	       -6.97119	       -6.74205	       -6.76729	       -6.87637	       -6.83018	       -6.85043	       -6.85523	       -6.86271	       -6.83836	       -6.92737	        -6.8189	              0	              0	              0	              0	              0	              0	              0	              0	              0	              0	              0	              0	              0	              0	              0	              0	              0	              0	              0	              0	              0	              0	              0	              0	              0	              0	              0	              0	              0	              0	              0	              0	              0	              0	              0	              0	              0	              0	              0	              0	              0	              0	              0	              0	              0	              0	              0	              0	              0	              0	              0	              0	              0	              0	              0	              0	              0	              0	              0	              0	              0	              0	              0	              0	              0	              0	              0	              0	              0	              0	              0	              0	              0	              0	              0	              0	              0	              0	              0	              0	              0	              0	              0	              0	              0	              0	              0	              0	              0	              0	              0	              0	              0	              0	              0	              0	              0	              0	              0	              0	              0	              0	              0	              0	              0	              0	              0	              0	              0	              0	              0	              0	              0	              0	              0	              0	              0	              0	              0	              0	              0	              0	              0	              0	              0	              0	              0	              0	              0	              0	              0	              0	              0	              0	              0	              0	              0	              0	              0	              0	              0	              0	              0	              0	              0	              0	              0	              0	              0	              0	              0	              0	              0	              0	              0	              0	              0	              0	              0	              0	              0	              0	              0	              0	              0	              0	              0	              0	              0	              0	              0	              0	              0	              0	              0	              0	              0	              0
	        1.78972	        1.49131	         1.8873	        1.68352	        1.76784	          1.753	        1.30356	        1.43445	        1.48136	        1.21121	        1.39821	        1.52853	        1.40884	        1.48577	        1.54315	        1.50398	         1.4941	        1.52072	        1.39386	        1.45379	        1.34195	        1.47663	              0	              0	              0	              0	              0	              0	              0	              0	              0	              0	              0	              0	              0	              0	              0	              0	              0	              0	              0	              0	              0	              0	              0	              0	              0	              0	              0	              0	              0	              0	              0	              0	              0	              0	              0	              0	              0	              0	              0	              0	              0	              0	              0	              0	              0	              0	              0	              0	              0	              0	              0	              0	              0	              0	              0	              0	              0	              0	              0	              0	              0	              0	              0	              0	              0	              0	              0	              0	              0	              0	              0	              0	              0	              0	              0	              0	              0	              0	              0	              0	              0	              0	              0	              0	              0	              0	              0	              0	              0	              0	              0	              0	              0	              0	              0	              0	              0	              0	              0	              0	              0	              0	              0	              0	              0	              0	              0	              0	              0	              0	              0	              0	              0	              0	              0	              0	              0	              0	              0	              0	              0	              0	              0	              0	              0	              0	              0	              0	              0	              0	              0	              0	              0	              0	              0	              0	              0	              0	              0	              0	              0	              0	              0	              0	              0	              0	              0	              0	              0	              0	              0	              0	              0	              0	              0	              0	              0	              0	              0	              0	              0	              0	              0	              0	              0	              0	              0	              0	              0	              0	              0	              0	              0	              0	              0	              0	              0	              0
