invIMIS 0
	              0	              0	              0	              0	              0	              0	              0	              0	              0	              0
	              0	              0	              0	              0	              0	              0	              0	              0	              0	              0
	              0	              0	              0	              0	              0	              0	              0	              0	              0	              0
	              0	              0	              0	              0	              0	              0	              0	              0	              0	              0
	              0	              0	              0	              0	              0	              0	              0	              0	              0	              0
	              0	              0	              0	              0	              0	              0	              0	              0	              0	              0
	              0	              0	              0	              0	              0	              0	              0	              0	              0	              0
	              0	              0	              0	              0	              0	              0	              0	              0	              0	              0
	              0	              0	              0	              0	              0	              0	              0	              0	              0	              0
	              0	              0	              0	              0	              0	              0	              0	              0	              0	              0
invIMIS 1
	        7.12596	      -0.441099	      -0.648329	        2.49102	       -18.0639	        9.45292	         8.1894	       0.195851	       -1.10784	        1.20333
	      -0.441099	        2.21453	      -0.129335	       0.161164	       -3.51014	        1.19025	        2.19299	      -0.363242	      -0.135196	     -0.0972096
	      -0.648329	      -0.129335	        24.7205	        1.77357	       -3.60706	        2.93362	        -3.7304	        2.34402	      -0.124699	        2.13582
	        2.49102	       0.161164	        1.77357	        31.5732	        8.84673	       -8.86257	       -5.51336	      -0.860773	       0.598241	       -1.87439
	       -18.0639	       -3.51014	       -3.60706	        8.84673	        334.776	        70.4843	        68.8533	       -14.1303	       -3.84059	       -2.02368
	        9.45292	        1.19025	        2.93362	       -8.86257	        70.4843	        208.988	       -9.80598	        5.34712	        1.76209	        1.38329
	         8.1894	        2.19299	        -3.7304	       -5.51336	        68.8533	       -9.80598	         494.21	      -0.982475	        1.39341	      -0.747936
	       0.195851	      -0.363242	        2.34402	      -0.860773	       -14.1303	        5.34712	      -0.982475	        16.1414	      -0.615032	       -7.71574
	       -1.10784	      -0.135196	      -0.124699	       0.598241	       -3.84059	        1.76209	        1.39341	      -0.615032	        1.94527	      -0.516672
	        1.20333	     -0.0972096	        2.13582	       -1.87439	       -2.02368	        1.38329	      -0.747936	       -7.71574	      -0.516672	          14.13
invIMIS 2
	        25.1653	        2.36095	        5.52094	        3.17374	       -56.1425	       -9.70197	         2.6119	       -13.0178	       -1.50705	        5.05318
	        2.36095	        7.64828	       -1.23189	        2.91294	        22.0016	        6.86487	       -4.74603	       -1.30767	       -3.37992	      -0.689377
	        5.52094	       -1.23189	        121.527	        15.4277	        18.6883	        27.4373	       -12.5112	         7.5755	      -0.384538	        4.76204
	        3.17374	        2.91294	        15.4277	        136.309	       -65.3397	        -105.07	        -3.6535	        8.61402	       -1.55848	       -1.61874
	       -56.1425	        22.0016	        18.6883	       -65.3397	        825.925	       -2.58513	        571.106	       -17.9453	        -30.073	        31.6313
	       -9.70197	        6.86487	        27.4373	        -105.07	       -2.58513	        578.486	       -318.023	        9.30356	       -12.8388	        65.2785
	         2.6119	       -4.74603	       -12.5112	        -3.6535	        571.106	       -318.023	        1548.12	       -124.301	       -21.7498	        100.042
	       -13.0178	       -1.30767	         7.5755	        8.61402	       -17.9453	        9.30356	       -124.301	        62.4625	       -1.51433	       -30.0029
	       -1.50705	       -3.37992	      -0.384538	       -1.55848	        -30.073	       -12.8388	       -21.7498	       -1.51433	        6.50865	        3.06859
	        5.05318	      -0.689377	        4.76204	       -1.61874	        31.6313	        65.2785	        100.042	       -30.0029	        3.06859	        58.5889
invIMIS 3
	        77.2382	       -13.7647	        49.4598	       -8.90475	       -267.722	       -45.6678	       -193.176	       -12.3619	        2.97357	       -1.91664
	       -13.7647	        7.93394	        9.79312	       -13.7375	        94.3257	        44.1839	        71.7832	        18.8852	       -8.74791	        -7.9352
	        49.4598	        9.79312	        641.947	        201.374	        154.796	       -11.8248	       -309.534	        74.7615	       -19.9688	       -7.53478
	       -8.90475	       -13.7375	        201.374	         609.41	       -526.327	       -240.826	       -136.938	        39.9638	         40.778	        58.4797
	       -267.722	        94.3257	        154.796	       -526.327	        3342.22	       -484.626	        2603.86	        119.208	       -124.699	        78.1928
	       -45.6678	        44.1839	       -11.8248	       -240.826	       -484.626	        2385.21	       -1982.14	        254.656	       -27.4431	       -23.9569
	       -193.176	        71.7832	       -309.534	       -136.938	        2603.86	       -1982.14	        6836.93	       -260.911	       -123.657	        263.734
	       -12.3619	        18.8852	        74.7615	        39.9638	        119.208	        254.656	       -260.911	        284.959	       -38.0636	        -46.666
	        2.97357	       -8.74791	       -19.9688	         40.778	       -124.699	       -27.4431	       -123.657	       -38.0636	        21.1858	        31.6996
	       -1.91664	        -7.9352	       -7.53478	        58.4797	        78.1928	       -23.9569	        263.734	        -46.666	        31.6996	        200.426
invIMIS 4
	        59.2242	       -5.86178	        4.22163	        7.96425	       -144.539	       -179.656	       -41.0243	        7.69209	       -2.05595	       0.915861
	       -5.86178	        18.3355	        27.7126	       -7.88858	        127.338	        54.5626	        221.978	        7.79117	       -10.2891	        -3.8182
	        4.22163	        27.7126	        1085.69	         608.15	        125.222	       -347.327	        507.327	        91.8518	       -38.1877	        20.3478
	        7.96425	       -7.88858	         608.15	        900.823	       -891.576	       -43.2273	       -1251.16	        278.319	        30.0529	        24.8867
	       -144.539	        127.338	        125.222	       -891.576	        4763.08	        169.799	        5007.39	        18.6316	       -142.801	        319.888
	       -179.656	        54.5626	       -347.327	       -43.2273	        169.799	         4104.2	       -937.104	        170.806	        -51.033	        245.244
	       -41.0243	        221.978	        507.327	       -1251.16	        5007.39	       -937.104	        9857.19	       -284.791	       -275.026	        474.861
	        7.69209	        7.79117	        91.8518	        278.319	        18.6316	        170.806	       -284.791	        295.111	       -11.3903	        51.5114
	       -2.05595	       -10.2891	       -38.1877	        30.0529	       -142.801	        -51.033	       -275.026	       -11.3903	        28.7725	        20.0369
	       0.915861	        -3.8182	        20.3478	        24.8867	        319.888	        245.244	        474.861	        51.5114	        20.0369	        315.401
invIMIS 5
	        55.5582	        2.40867	        86.5703	        134.347	       -97.4121	       -211.496	        45.6451	        63.5542	        7.43155	        31.4614
	        2.40867	        18.2643	        63.1059	        45.8865	        78.7567	        32.1403	        113.601	        49.8282	        -5.1376	        17.2705
	        86.5703	        63.1059	        3645.91	        3208.26	        998.005	        -1398.6	        1786.23	        1282.24	       -17.1762	        695.816
	        134.347	        45.8865	        3208.26	        4155.82	       -9.10971	       -1256.87	          6.195	        1860.26	        47.0839	         1128.4
	       -97.4121	        78.7567	        998.005	       -9.10971	        2888.43	        -307.75	         3048.2	        153.621	       -124.132	        86.7173
	       -211.496	        32.1403	        -1398.6	       -1256.87	        -307.75	        6425.74	       -2005.26	        247.235	       -100.132	        316.714
	        45.6451	        113.601	        1786.23	          6.195	         3048.2	       -2005.26	         5772.4	       -52.5352	        -147.56	       -191.636
	        63.5542	        49.8282	        1282.24	        1860.26	        153.621	        247.235	       -52.5352	        1274.88	       -14.5938	        815.986
	        7.43155	        -5.1376	       -17.1762	        47.0839	       -124.132	       -100.132	        -147.56	       -14.5938	        19.6445	        12.4533
	        31.4614	        17.2705	        695.816	         1128.4	        86.7173	        316.714	       -191.636	        815.986	        12.4533	        789.268
invIMIS 6
	        40.5422	       -2.74878	        84.1896	        97.1795	       -12.8208	       -6.80573	        28.9683	        49.9642	      -0.284529	        29.4936
	       -2.74878	        12.5049	        61.0594	        80.1336	        45.1705	        78.9691	        6.79098	         57.854	       -2.82484	        25.8949
	        84.1896	        61.0594	        4280.27	        4166.03	        556.551	       -2526.38	        1836.67	        1436.86	       -25.2452	        788.546
	        97.1795	        80.1336	        4166.03	        5585.42	       -128.607	       -2414.83	        858.263	        2325.44	        34.4332	        1519.14
	       -12.8208	        45.1705	        556.551	       -128.607	        2225.86	        576.918	        1554.03	        127.231	       -59.1155	        187.569
	       -6.80573	        78.9691	       -2526.38	       -2414.83	        576.918	        7661.98	       -1970.66	          425.5	        -27.146	        513.742
	        28.9683	        6.79098	        1836.67	        858.263	        1554.03	       -1970.66	        4439.58	       -59.3051	        -122.99	       -135.839
	        49.9642	         57.854	        1436.86	        2325.44	        127.231	          425.5	       -59.3051	        1509.18	       -2.26651	        1086.64
	      -0.284529	       -2.82484	       -25.2452	        34.4332	       -59.1155	        -27.146	        -122.99	       -2.26651	        14.6415	        21.8229
	        29.4936	        25.8949	        788.546	        1519.14	        187.569	        513.742	       -135.839	        1086.64	        21.8229	         1059.6
invIMIS 7
	        62.3957	       -2.97876	        130.447	        168.335	        75.7409	        154.733	        -87.391	        122.189	        5.86483	        104.209
	       -2.97876	        15.2768	        146.491	        178.767	        68.3152	        9.48633	        80.7425	        122.588	       -5.09948	        87.5528
	        130.447	        146.491	        7817.68	        8790.96	        1057.93	       -1431.24	        1217.88	        4191.06	        35.2447	        2707.07
	        168.335	        178.767	        8790.96	        11781.7	        925.005	       -1639.94	        1099.33	        6042.99	        56.1337	        4114.02
	        75.7409	        68.3152	        1057.93	        925.005	        2196.25	         936.34	         1043.2	         1003.3	       -64.9525	        791.836
	        154.733	        9.48633	       -1431.24	       -1639.94	         936.34	        5262.05	        329.428	        66.8515	       -124.004	          511.4
	        -87.391	        80.7425	        1217.88	        1099.33	         1043.2	        329.428	        2875.74	        695.583	        -44.062	        478.399
	        122.189	        122.588	        4191.06	        6042.99	         1003.3	        66.8515	        695.583	         3788.5	        -20.221	        2758.42
	        5.86483	       -5.09948	        35.2447	        56.1337	       -64.9525	       -124.004	        -44.062	        -20.221	        13.5071	          -29.9
	        104.209	        87.5528	        2707.07	        4114.02	        791.836	          511.4	        478.399	        2758.42	          -29.9	         2159.5
invIMIS 8
	        38.3531	       -2.52602	        38.7125	        31.1056	        5.19441	        133.325	        13.5129	        53.4938	        2.43443	        28.5403
	       -2.52602	        14.7638	        103.249	        128.183	        49.5533	        107.416	        31.0736	         85.829	       -4.61745	        45.6593
	        38.7125	        103.249	         8016.3	        8296.31	        1156.29	       -3815.69	        3183.29	        3397.25	       -48.1405	        2260.64
	        31.1056	        128.183	        8296.31	        9791.21	        1257.88	        -3574.9	        3193.05	        4555.64	       -66.6423	        3189.39
	        5.19441	        49.5533	        1156.29	        1257.88	        1304.79	        761.285	        1170.11	         937.05	       -13.5996	        749.216
	        133.325	        107.416	       -3815.69	        -3574.9	        761.285	        10647.8	       -2112.14	        564.348	       -60.8054	        386.891
	        13.5129	        31.0736	        3183.29	        3193.05	        1170.11	       -2112.14	         3734.9	        966.263	       0.157753	        779.589
	        53.4938	         85.829	        3397.25	        4555.64	         937.05	        564.348	        966.263	        3054.38	       -53.9788	        2208.87
	        2.43443	       -4.61745	       -48.1405	       -66.6423	       -13.5996	       -60.8054	       0.157753	       -53.9788	         9.3238	       -38.5635
	        28.5403	        45.6593	        2260.64	        3189.39	        749.216	        386.891	        779.589	        2208.87	       -38.5635	        1806.81
invIMIS 9
	        59.5511	       -1.50929	         169.18	        124.421	         -176.3	        181.819	       -216.809	        88.4653	       -10.0293	        68.6944
	       -1.50929	        29.7831	        495.443	        572.442	        146.314	        14.3401	        90.6808	        331.917	       -10.0713	        194.131
	         169.18	        495.443	        19082.7	        20176.7	        4366.57	       -1481.22	        6983.79	          10496	       -248.258	        6868.46
	        124.421	        572.442	        20176.7	          24165	        4310.18	        -173.89	        7018.52	        13440.7	       -274.463	        9017.81
	         -176.3	        146.314	        4366.57	        4310.18	        4012.38	        2057.29	        2265.55	        2646.07	        -57.227	        1788.12
	        181.819	        14.3401	       -1481.22	        -173.89	        2057.29	        11845.6	       -4272.43	        3068.22	       -57.3419	        2782.62
	       -216.809	        90.6808	        6983.79	        7018.52	        2265.55	       -4272.43	        7192.95	        2641.03	        4.82494	        1708.67
	        88.4653	        331.917	          10496	        13440.7	        2646.07	        3068.22	        2641.03	        8858.14	        -156.36	        6206.62
	       -10.0293	       -10.0713	       -248.258	       -274.463	        -57.227	       -57.3419	        4.82494	        -156.36	        10.8484	       -101.515
	        68.6944	        194.131	        6868.46	        9017.81	        1788.12	        2782.62	        1708.67	        6206.62	       -101.515	        4681.47
