invIMIS 0
	              0	              0	              0	              0	              0	              0	              0	              0	              0	              0
	              0	              0	              0	              0	              0	              0	              0	              0	              0	              0
	              0	              0	              0	              0	              0	              0	              0	              0	              0	              0
	              0	              0	              0	              0	              0	              0	              0	              0	              0	              0
	              0	              0	              0	              0	              0	              0	              0	              0	              0	              0
	              0	              0	              0	              0	              0	              0	              0	              0	              0	              0
	              0	              0	              0	              0	              0	              0	              0	              0	              0	              0
	              0	              0	              0	              0	              0	              0	              0	              0	              0	              0
	              0	              0	              0	              0	              0	              0	              0	              0	              0	              0
	              0	              0	              0	              0	              0	              0	              0	              0	              0	              0
invIMIS 1
	        5.00847	       0.021218	       0.296929	       0.398785	       -7.46876	        7.64492	        1.83446	       -1.17881	      -0.604821	       0.476332
	       0.021218	        1.52006	      0.0138832	     -0.0864011	      -0.933036	      0.0878682	        1.61597	      -0.563746	     -0.0634544	      -0.447658
	       0.296929	      0.0138832	        17.1473	       0.599735	       0.945142	       0.290773	       -3.55915	       0.689089	     -0.0173336	       0.610914
	       0.398785	     -0.0864011	       0.599735	        22.7104	      -0.587112	       -3.30146	        -1.9262	        1.11659	       0.268038	       0.247379
	       -7.46876	      -0.933036	       0.945142	      -0.587112	        258.034	        39.4766	         29.695	       -18.2206	       -1.92644	       -7.13537
	        7.64492	      0.0878682	       0.290773	       -3.30146	        39.4766	        134.229	        1.40408	         5.6812	       0.846783	       0.202823
	        1.83446	        1.61597	       -3.55915	        -1.9262	         29.695	        1.40408	        331.066	        2.45992	       0.607299	        4.05496
	       -1.17881	      -0.563746	       0.689089	        1.11659	       -18.2206	         5.6812	        2.45992	        13.1838	      -0.623518	       -3.63565
	      -0.604821	     -0.0634544	     -0.0173336	       0.268038	       -1.92644	       0.846783	       0.607299	      -0.623518	        1.33932	        -0.5212
	       0.476332	      -0.447658	       0.610914	       0.247379	       -7.13537	       0.202823	        4.05496	       -3.63565	        -0.5212	        10.1768
invIMIS 2
	         8.0204	       0.220462	      0.0627225	        2.62501	        2.82375	        6.57836	        15.5166	       -4.30159	      -0.477453	       0.322329
	       0.220462	        2.81669	       0.516459	       -0.51559	       -2.08744	        1.50292	       0.875157	       -1.00542	      -0.209123	      -0.337707
	      0.0627225	       0.516459	        30.6719	        1.31214	        13.7206	       -3.11271	        10.4764	      -0.797775	       0.455107	     -0.0377998
	        2.62501	       -0.51559	        1.31214	        37.0661	       -17.5948	       -3.03352	        -20.793	        3.85745	       0.252269	       0.643271
	        2.82375	       -2.08744	        13.7206	       -17.5948	         336.55	        77.2307	       -52.7179	       -10.9588	       -7.11708	       -12.8632
	        6.57836	        1.50292	       -3.11271	       -3.03352	        77.2307	        229.079	        39.1201	        3.78934	        2.18885	        2.38695
	        15.5166	       0.875157	        10.4764	        -20.793	       -52.7179	        39.1201	        483.325	        19.6756	       -1.15092	        3.81877
	       -4.30159	       -1.00542	      -0.797775	        3.85745	       -10.9588	        3.78934	        19.6756	        18.9661	      -0.133249	       -6.17403
	      -0.477453	      -0.209123	       0.455107	       0.252269	       -7.11708	        2.18885	       -1.15092	      -0.133249	        2.24819	      -0.858261
	       0.322329	      -0.337707	     -0.0377998	       0.643271	       -12.8632	        2.38695	        3.81877	       -6.17403	      -0.858261	        18.9107
invIMIS 3
	        10.8139	      -0.172173	       -1.23494	         5.1416	       -7.76033	        9.62703	        13.4885	       -4.91393	       -1.10471	        2.93788
	      -0.172173	        3.58693	      0.0443831	       0.411246	       -6.89443	       0.537331	      -0.612711	      -0.419417	      -0.463263	          0.422
	       -1.23494	      0.0443831	        38.6168	        3.01679	        3.53771	       -1.05427	        3.16035	     -0.0785752	       0.327252	        2.65495
	         5.1416	       0.411246	        3.01679	        44.2817	        5.16004	       -13.5667	       -7.74497	        3.48633	       0.164647	       -5.32946
	       -7.76033	       -6.89443	        3.53771	        5.16004	        489.503	        86.2688	       -96.5433	        -11.676	       -9.93503	        9.53985
	        9.62703	       0.537331	       -1.05427	       -13.5667	        86.2688	        318.746	        53.5954	        7.30536	        3.54388	       -2.24382
	        13.4885	      -0.612711	        3.16035	       -7.74497	       -96.5433	        53.5954	        688.677	        22.5496	      -0.801454	        23.7964
	       -4.91393	      -0.419417	     -0.0785752	        3.48633	        -11.676	        7.30536	        22.5496	        26.9532	       -1.27822	       -8.42954
	       -1.10471	      -0.463263	       0.327252	       0.164647	       -9.93503	        3.54388	      -0.801454	       -1.27822	         3.5019	      -0.115255
	        2.93788	          0.422	        2.65495	       -5.32946	        9.53985	       -2.24382	        23.7964	       -8.42954	      -0.115255	        20.2494
invIMIS 4
	        17.8293	      -0.807179	        3.99666	       -1.92585	       -5.10705	        37.8388	        50.5674	       -5.10835	      -0.956392	        8.75891
	      -0.807179	        6.31635	       0.520599	      0.0964922	       -7.78163	       0.398607	        4.55997	      -0.109481	       -1.16868	        1.35497
	        3.99666	       0.520599	        71.0364	        14.1169	       -13.1425	       -23.7735	        2.45107	       -2.15541	       0.562539	        3.40576
	       -1.92585	      0.0964922	        14.1169	        61.5312	        42.0191	        11.0366	        52.7401	        12.5284	         1.7068	      0.0201323
	       -5.10705	       -7.78163	       -13.1425	        42.0191	        843.849	        69.9687	       -336.771	       -27.1728	       -13.6988	       -4.14452
	        37.8388	       0.398607	       -23.7735	        11.0366	        69.9687	         566.31	        52.8325	        11.4125	         4.6687	         -15.96
	        50.5674	        4.55997	        2.45107	        52.7401	       -336.771	        52.8325	        1099.49	        19.5975	        1.89649	         19.585
	       -5.10835	      -0.109481	       -2.15541	        12.5284	       -27.1728	        11.4125	        19.5975	        51.8284	       -1.75867	       -16.6797
	      -0.956392	       -1.16868	       0.562539	         1.7068	       -13.6988	         4.6687	        1.89649	       -1.75867	        6.52288	      0.0256827
	        8.75891	        1.35497	        3.40576	      0.0201323	       -4.14452	         -15.96	         19.585	       -16.6797	      0.0256827	        35.4028
invIMIS 5
	        114.084	        31.0723	        70.8138	       -53.6242	        7.28653	        283.997	         185.29	       -22.7887	       0.136815	        40.9934
	        31.0723	        20.3989	        4.90215	         18.967	        44.0381	        35.3526	        0.11213	       -30.2411	        2.28502	        31.6878
	        70.8138	        4.90215	        549.916	        179.084	       -105.107	       -259.306	        693.957	        78.8643	       -5.50729	        6.45677
	       -53.6242	         18.967	        179.084	        502.676	        243.535	       -69.1436	       -130.351	        106.278	      -0.801628	        35.7553
	        7.28653	        44.0381	       -105.107	        243.535	        2916.28	       -28.5212	       -2687.21	       -116.097	       -42.4565	       -130.809
	        283.997	        35.3526	       -259.306	       -69.1436	       -28.5212	        4214.08	        869.195	        392.384	       -50.4373	       -34.6532
	         185.29	        0.11213	        693.957	       -130.351	       -2687.21	        869.195	        5227.18	        21.0557	       -1.75485	        129.328
	       -22.7887	       -30.2411	        78.8643	        106.278	       -116.097	        392.384	        21.0557	        320.569	       -14.4325	       -32.6671
	       0.136815	        2.28502	       -5.50729	      -0.801628	       -42.4565	       -50.4373	       -1.75485	       -14.4325	        28.5697	        19.7942
	        40.9934	        31.6878	        6.45677	        35.7553	       -130.809	       -34.6532	        129.328	       -32.6671	        19.7942	        267.797
invIMIS 6
	        146.312	        8.96793	        160.444	       -17.4075	       -175.172	        699.775	        425.655	        83.6725	       -39.9356	        90.2646
	        8.96793	        13.5122	       -35.3257	        27.5106	       -5.99429	        95.2409	        16.6382	        50.7332	        1.88002	         54.856
	        160.444	       -35.3257	         1470.1	        904.308	       -412.142	        -475.76	        1068.29	        231.038	       -18.8762	       -19.4029
	       -17.4075	        27.5106	        904.308	        1526.47	        262.374	        -685.42	       -187.415	        571.785	        54.4878	        265.034
	       -175.172	       -5.99429	       -412.142	        262.374	        8361.55	       -1381.08	       -7683.06	        308.256	       -6.33961	       -253.355
	        699.775	        95.2409	        -475.76	        -685.42	       -1381.08	        8759.36	        1124.88	         1165.4	       -135.751	        1032.32
	        425.655	        16.6382	        1068.29	       -187.415	       -7683.06	        1124.88	        12915.3	       -480.995	      -0.228068	        170.139
	        83.6725	        50.7332	        231.038	        571.785	        308.256	         1165.4	       -480.995	        805.442	       -24.3853	        300.102
	       -39.9356	        1.88002	       -18.8762	        54.4878	       -6.33961	       -135.751	      -0.228068	       -24.3853	        35.0454	        20.7511
	        90.2646	         54.856	       -19.4029	        265.034	       -253.355	        1032.32	        170.139	        300.102	        20.7511	        733.023
invIMIS 7
	        133.032	          9.527	        64.7085	       -82.5123	       -68.7451	        646.141	         140.93	        34.0656	       -10.8447	        95.4368
	          9.527	        14.8992	       -19.1917	        23.0733	       -72.5513	        96.5511	        56.8682	        38.8499	         1.2364	        25.8324
	        64.7085	       -19.1917	        1122.49	         746.03	        311.219	        -468.71	         287.24	        165.286	        23.7069	        65.8203
	       -82.5123	        23.0733	         746.03	        1361.19	        140.693	       -735.604	        30.6088	        469.905	        8.99702	         101.35
	       -68.7451	       -72.5513	        311.219	        140.693	        5562.51	       -1789.43	       -4521.15	          288.2	       -74.1537	       -404.038
	        646.141	        96.5511	        -468.71	       -735.604	       -1789.43	        8037.58	         1747.3	        996.791	       -199.697	        584.523
	         140.93	        56.8682	         287.24	        30.6088	       -4521.15	         1747.3	        9408.42	       -387.574	        121.169	        393.414
	        34.0656	        38.8499	        165.286	        469.905	          288.2	        996.791	       -387.574	        624.238	       -16.4256	        180.244
	       -10.8447	         1.2364	        23.7069	        8.99702	       -74.1537	       -199.697	        121.169	       -16.4256	        25.2215	       -1.63446
	        95.4368	        25.8324	        65.8203	         101.35	       -404.038	        584.523	        393.414	        180.244	       -1.63446	        576.216
invIMIS 8
	        269.613	       -12.5188	         334.75	        -4.2258	       -524.362	        1450.24	        717.025	        144.956	       -13.7745	        273.605
	       -12.5188	        33.6366	     -0.0392667	        105.185	        34.5243	        171.904	       -14.7046	        158.155	        5.32199	        66.7998
	         334.75	     -0.0392667	        4250.24	        3641.69	        312.974	       -1185.94	        2167.65	        1158.43	        57.0741	        1012.57
	        -4.2258	        105.185	        3641.69	        5003.66	        1291.02	       -1970.63	        366.826	        2100.47	        81.3476	        1653.58
	       -524.362	        34.5243	        312.974	        1291.02	         4740.1	       -3637.02	       -5024.45	        973.541	        31.2474	        393.144
	        1450.24	        171.904	       -1185.94	       -1970.63	       -3637.02	        17995.1	        905.066	        2538.15	       -205.445	        1662.13
	        717.025	       -14.7046	        2167.65	        366.826	       -5024.45	        905.066	        12682.2	        -1346.8	        7.35267	        116.453
	        144.956	        158.155	        1158.43	        2100.47	        973.541	        2538.15	        -1346.8	         2218.2	        15.2588	        1416.61
	       -13.7745	        5.32199	        57.0741	        81.3476	        31.2474	       -205.445	        7.35267	        15.2588	        18.6216	       -19.1171
	        273.605	        66.7998	        1012.57	        1653.58	        393.144	        1662.13	        116.453	        1416.61	       -19.1171	        1478.05
invIMIS 9
	        137.594	        7.90211	        135.058	        26.8693	       -390.099	        1024.68	        640.596	        140.442	       -8.56266	        198.864
	        7.90211	        22.5854	        52.1453	        119.952	        125.908	        85.9243	        -81.521	        130.536	       -1.44455	         51.995
	        135.058	        52.1453	         3886.1	        4254.48	        367.967	        -1125.8	        1278.63	        1761.41	        -37.727	        1225.47
	        26.8693	        119.952	        4254.48	        6182.89	        1432.21	       -1721.37	        309.152	        2735.74	       -9.10855	        1859.81
	       -390.099	        125.908	        367.967	        1432.21	         4296.4	       -3508.54	       -2810.57	        978.098	         47.779	        165.068
	        1024.68	        85.9243	        -1125.8	       -1721.37	       -3508.54	        15565.9	        2090.76	         2039.3	       -170.655	         1901.3
	        640.596	        -81.521	        1278.63	        309.152	       -2810.57	        2090.76	        8508.19	       -519.814	        55.8954	        445.362
	        140.442	        130.536	        1761.41	        2735.74	        978.098	         2039.3	       -519.814	        2259.99	       -22.6898	        1446.64
	       -8.56266	       -1.44455	        -37.727	       -9.10855	         47.779	       -170.655	        55.8954	       -22.6898	        17.8191	       -8.72753
	        198.864	         51.995	        1225.47	        1859.81	        165.068	         1901.3	        445.362	        1446.64	       -8.72753	        1416.42
invIMIS 10
	        148.764	      -0.879937	         91.681	        12.3331	       -205.869	        1272.91	        207.093	         186.53	       -18.4622	        141.076
	      -0.879937	        19.0491	        26.9106	        80.6008	         51.657	         34.206	       -46.8115	        73.7936	        6.84726	        60.7343
	         91.681	        26.9106	        4154.14	        4641.25	        539.994	       -1394.64	        1448.32	        1592.45	       -64.4492	        953.606
	        12.3331	        80.6008	        4641.25	        6132.59	        514.459	       -2450.39	        870.376	        2298.87	        0.60706	        1509.26
	       -205.869	         51.657	        539.994	        514.459	        3887.28	       -2824.05	        -1282.3	        319.221	        89.5961	        59.4769
	        1272.91	         34.206	       -1394.64	       -2450.39	       -2824.05	        20841.7	       -1407.21	         2607.5	       -358.783	        2049.68
	        207.093	       -46.8115	        1448.32	        870.376	        -1282.3	       -1407.21	           9488	       -439.201	       -59.8013	        409.365
	         186.53	        73.7936	        1592.45	        2298.87	        319.221	         2607.5	       -439.201	        2041.11	       -20.2672	        1417.15
	       -18.4622	        6.84726	       -64.4492	        0.60706	        89.5961	       -358.783	       -59.8013	       -20.2672	        32.3031	       -22.9585
	        141.076	        60.7343	        953.606	        1509.26	        59.4769	        2049.68	        409.365	        1417.15	       -22.9585	        1279.25
invIMIS 11
	        112.444	       -6.20687	        226.442	        234.184	       -83.4584	        508.809	       -74.5377	        167.495	       -7.13648	        107.759
	       -6.20687	        19.6752	        5.26579	        57.4257	         38.385	       -117.376	        27.0073	        52.5838	        9.52019	        56.4078
	        226.442	        5.26579	        4562.99	        5057.67	        601.832	       -1383.12	        1212.79	        1889.88	       -15.6494	        1314.57
	        234.184	        57.4257	        5057.67	        6766.96	        731.159	       -2001.52	        1066.06	        2791.14	        44.1404	        2096.94
	       -83.4584	         38.385	        601.832	        731.159	        3952.59	       -1476.73	        543.835	        331.696	        87.7845	        211.294
	        508.809	       -117.376	       -1383.12	       -2001.52	       -1476.73	        13789.2	       -2228.79	        1564.72	       -298.423	        1543.06
	       -74.5377	        27.0073	        1212.79	        1066.06	        543.835	       -2228.79	        3327.99	        199.985	       -22.5826	         213.99
	        167.495	        52.5838	        1889.88	        2791.14	        331.696	        1564.72	        199.985	        2013.76	        5.62151	        1628.32
	       -7.13648	        9.52019	       -15.6494	        44.1404	        87.7845	       -298.423	       -22.5826	        5.62151	        30.1967	       -3.30173
	        107.759	        56.4078	        1314.57	        2096.94	        211.294	        1543.06	         213.99	        1628.32	       -3.30173	        1499.98
invIMIS 12
	        176.106	        -26.351	        224.615	          35.28	       -188.305	        945.663	       -193.139	        63.9757	       -35.9555	       -9.72487
	        -26.351	        33.3656	       -48.3084	        16.0801	        65.1402	       -53.2914	       -130.833	        45.6847	        8.28676	        43.1493
	        224.615	       -48.3084	        3986.86	        3445.88	        816.069	       -2047.82	         1264.1	        830.201	       -15.6855	        528.929
	          35.28	        16.0801	        3445.88	        4694.64	        1401.61	       -2492.73	         1083.6	        1444.91	         23.971	        911.334
	       -188.305	        65.1402	        816.069	        1401.61	        3740.22	       -2830.87	       -126.643	        269.543	       -33.8216	        881.317
	        945.663	       -53.2914	       -2047.82	       -2492.73	       -2830.87	        21534.9	       -6143.42	        1638.58	       -312.165	         1438.2
	       -193.139	       -130.833	         1264.1	         1083.6	       -126.643	       -6143.42	        7418.07	       -647.394	       -86.5135	       -557.421
	        63.9757	        45.6847	        830.201	        1444.91	        269.543	        1638.58	       -647.394	        1482.14	       -3.67531	        1035.96
	       -35.9555	        8.28676	       -15.6855	         23.971	       -33.8216	       -312.165	       -86.5135	       -3.67531	        27.9951	       -29.9222
	       -9.72487	        43.1493	        528.929	        911.334	        881.317	         1438.2	       -557.421	        1035.96	       -29.9222	        1017.48
invIMIS 13
	        74.4851	          16.88	        167.794	         243.42	        311.406	       -3.34159	        1.38842	         137.06	        33.3199	        85.5911
	          16.88	        23.0629	        185.551	        320.556	        211.186	       -12.2594	        50.2111	         242.18	        14.4138	        183.353
	        167.794	        185.551	        10597.3	        12699.8	        1716.34	       -3832.29	        4737.77	        5330.83	        6.37496	        3849.22
	         243.42	        320.556	        12699.8	        18299.3	         1835.8	       -3427.99	        3537.54	        8279.91	        89.2671	        6149.81
	        311.406	        211.186	        1716.34	         1835.8	        6687.42	       -1033.76	         1035.4	        1734.63	        163.714	        1263.95
	       -3.34159	       -12.2594	       -3832.29	       -3427.99	       -1033.76	        19873.2	       -6628.62	        2605.62	        -172.13	        1001.89
	        1.38842	        50.2111	        4737.77	        3537.54	         1035.4	       -6628.62	        7061.81	        570.026	       -119.309	        599.036
	         137.06	         242.18	        5330.83	        8279.91	        1734.63	        2605.62	        570.026	        5750.64	        71.0483	           4088
	        33.3199	        14.4138	        6.37496	        89.2671	        163.714	        -172.13	       -119.309	        71.0483	        55.1056	        42.0108
	        85.5911	        183.353	        3849.22	        6149.81	        1263.95	        1001.89	        599.036	           4088	        42.0108	        3130.09
invIMIS 14
	        85.5871	       0.547123	        68.2109	        95.6971	        67.3093	        364.464	       -144.884	        99.7679	        10.9017	        66.3476
	       0.547123	        20.6207	        104.904	        177.981	       0.857281	        15.4068	       -18.6144	        111.381	        4.59561	        81.8398
	        68.2109	        104.904	        5302.54	        5754.69	        1778.29	       -3942.27	         1456.1	        2065.18	        127.511	        1447.31
	        95.6971	        177.981	        5754.69	        7687.81	         2220.7	       -3675.05	        1185.34	        3286.96	        171.044	        2441.87
	        67.3093	       0.857281	        1778.29	         2220.7	        5019.24	       -583.757	        111.315	        1140.45	        69.6313	        877.319
	        364.464	        15.4068	       -3942.27	       -3675.05	       -583.757	        12047.5	       -4753.55	          356.8	       -32.8938	        330.046
	       -144.884	       -18.6144	         1456.1	        1185.34	        111.315	       -4753.55	        5152.17	       -259.147	       -22.3247	        -337.21
	        99.7679	        111.381	        2065.18	        3286.96	        1140.45	          356.8	       -259.147	        2193.99	        86.2237	        1622.85
	        10.9017	        4.59561	        127.511	        171.044	        69.6313	       -32.8938	       -22.3247	        86.2237	        21.4219	        49.5134
	        66.3476	        81.8398	        1447.31	        2441.87	        877.319	        330.046	        -337.21	        1622.85	        49.5134	        1376.94
invIMIS 15
	        100.628	        7.81086	        438.527	        388.089	       -342.572	        211.833	        47.9223	        188.618	         22.756	        73.4253
	        7.81086	        37.2058	        274.881	        444.304	        -6.4112	       -0.24201	        55.7409	        259.747	       -4.91889	        220.626
	        438.527	        274.881	        15193.7	        16079.5	        4050.24	       -9628.43	        2971.16	        6316.94	        122.791	        4477.95
	        388.089	        444.304	        16079.5	        20072.1	        4324.44	        -8153.5	        3429.09	        8872.07	        87.1952	        6389.82
	       -342.572	        -6.4112	        4050.24	        4324.44	        7203.62	       -4996.85	        178.856	        887.702	       -175.622	        1119.81
	        211.833	       -0.24201	       -9628.43	        -8153.5	       -4996.85	        18460.2	       -4315.87	       -1000.89	        10.3137	       -894.475
	        47.9223	        55.7409	        2971.16	        3429.09	        178.856	       -4315.87	         2541.3	        1195.11	        6.52406	        626.141
	        188.618	        259.747	        6316.94	        8872.07	        887.702	       -1000.89	        1195.11	        5083.16	        76.0543	        3649.83
	         22.756	       -4.91889	        122.791	        87.1952	       -175.622	        10.3137	        6.52406	        76.0543	        24.4335	         34.467
	        73.4253	        220.626	        4477.95	        6389.82	        1119.81	       -894.475	        626.141	        3649.83	         34.467	        2858.41
