invIMIS 0
	              0	              0	              0	              0	              0	              0	              0	              0	              0	              0	              0
	              0	              0	              0	              0	              0	              0	              0	              0	              0	              0	              0
	              0	              0	              0	              0	              0	              0	              0	              0	              0	              0	              0
	              0	              0	              0	              0	              0	              0	              0	              0	              0	              0	              0
	              0	              0	              0	              0	              0	              0	              0	              0	              0	              0	              0
	              0	              0	              0	              0	              0	              0	              0	              0	              0	              0	              0
	              0	              0	              0	              0	              0	              0	              0	              0	              0	              0	              0
	              0	              0	              0	              0	              0	              0	              0	              0	              0	              0	              0
	              0	              0	              0	              0	              0	              0	              0	              0	              0	              0	              0
	              0	              0	              0	              0	              0	              0	              0	              0	              0	              0	              0
	              0	              0	              0	              0	              0	              0	              0	              0	              0	              0	              0
invIMIS 1
	        7.43547	      0.0131564	      -0.234745	      -0.401306	        2.15496	      -0.485415	        3.49832	      -0.167272	      -0.340273	      -0.379365	      -0.800197
	      0.0131564	        1.79433	       0.463594	       0.148489	       0.668724	      -0.390939	        1.40793	      -0.119447	     -0.0471436	      -0.222977	       0.110461
	      -0.234745	       0.463594	        17.7878	        1.53489	       -3.41751	       -2.07668	      0.0438803	      -0.547202	     -0.0156827	        0.44854	       0.277152
	      -0.401306	       0.148489	        1.53489	        20.2827	        1.59986	       0.148451	       -1.89452	       0.550244	       0.271665	       0.187797	       0.220045
	        2.15496	       0.668724	       -3.41751	        1.59986	        290.858	       -12.5625	       -26.8781	       -5.01369	       0.819996	        5.37751	        11.5311
	      -0.485415	      -0.390939	       -2.07668	       0.148451	       -12.5625	        145.174	        6.92628	      -0.523301	        1.14021	       0.915543	      -0.150386
	        3.49832	        1.40793	      0.0438803	       -1.89452	       -26.8781	        6.92628	        310.963	       -7.54268	        2.20407	        4.64898	        11.8491
	      -0.167272	      -0.119447	      -0.547202	       0.550244	       -5.01369	      -0.523301	       -7.54268	        15.2778	       0.303203	        2.12923	        2.08029
	      -0.340273	     -0.0471436	     -0.0156827	       0.271665	       0.819996	        1.14021	        2.20407	       0.303203	        1.57928	      -0.552922	      -0.941879
	      -0.379365	      -0.222977	        0.44854	       0.187797	        5.37751	       0.915543	        4.64898	        2.12923	      -0.552922	        11.9031	        -2.4765
	      -0.800197	       0.110461	       0.277152	       0.220045	        11.5311	      -0.150386	        11.8491	        2.08029	      -0.941879	        -2.4765	        18.4919
invIMIS 2
	        17.2972	        -2.6815	        1.65247	       -1.51219	        16.3933	        10.9769	        27.4251	       -3.48951	        1.00196	      -0.356754	       -0.13786
	        -2.6815	        2.95407	       0.532246	      -0.728676	         3.2127	        7.26712	        19.6915	        -1.8024	      0.0910104	      -0.346808	        3.06654
	        1.65247	       0.532246	        56.5594	       -2.56604	       -9.06938	       -19.1366	       -8.09376	        1.88441	       0.762783	       -1.14345	      -0.873309
	       -1.51219	      -0.728676	       -2.56604	        79.9389	        -7.3858	       0.880823	        9.94201	        2.70815	       -0.53947	        2.29533	       0.642769
	        16.3933	         3.2127	       -9.06938	        -7.3858	        970.328	        -27.278	        -8.7889	        19.7244	       0.655663	        2.05209	        22.6804
	        10.9769	        7.26712	       -19.1366	       0.880823	        -27.278	        475.005	       -118.966	        10.1454	        2.28019	        11.8804	        1.18027
	        27.4251	        19.6915	       -8.09376	        9.94201	        -8.7889	       -118.966	         661.84	       -44.3148	        14.5683	        40.9092	       -17.7292
	       -3.48951	        -1.8024	        1.88441	        2.70815	        19.7244	        10.1454	       -44.3148	        47.4937	        2.85537	        8.33656	       -1.91813
	        1.00196	      0.0910104	       0.762783	       -0.53947	       0.655663	        2.28019	        14.5683	        2.85537	        4.64323	       -2.63121	       -2.04072
	      -0.356754	      -0.346808	       -1.14345	        2.29533	        2.05209	        11.8804	        40.9092	        8.33656	       -2.63121	        38.6886	        1.02696
	       -0.13786	        3.06654	      -0.873309	       0.642769	        22.6804	        1.18027	       -17.7292	       -1.91813	       -2.04072	        1.02696	        58.0097
invIMIS 3
	         13.562	       -1.55502	        1.08877	        3.20975	        27.3672	        17.5643	        12.8807	       -6.42084	         1.4407	         2.0294	       -9.51963
	       -1.55502	        4.41784	       0.458267	       -1.38458	       -7.12018	       -3.83982	        10.8415	       -1.11076	       0.896745	        2.67495	        2.63245
	        1.08877	       0.458267	        65.1936	       0.933477	        18.0885	       -6.47385	        -1.4271	        3.66723	       0.422957	        2.66649	      -0.787284
	        3.20975	       -1.38458	       0.933477	        69.3267	       -13.1688	       -2.72832	        11.1451	        1.11751	       -1.05264	        2.21039	        4.58545
	        27.3672	       -7.12018	        18.0885	       -13.1688	        684.149	       -142.254	       -66.4538	       -7.00514	       -6.99197	        32.7466	        47.8164
	        17.5643	       -3.83982	       -6.47385	       -2.72832	       -142.254	        498.428	       -86.6953	        12.3591	        1.16604	        5.64946	        6.53645
	        12.8807	        10.8415	        -1.4271	        11.1451	       -66.4538	       -86.6953	        827.079	       -59.3857	        12.1052	        9.26773	        20.3301
	       -6.42084	       -1.11076	        3.66723	        1.11751	       -7.00514	        12.3591	       -59.3857	         47.112	         3.2001	        8.11086	        9.74267
	         1.4407	       0.896745	       0.422957	       -1.05264	       -6.99197	        1.16604	        12.1052	         3.2001	        4.57362	       -2.78597	       0.129446
	         2.0294	        2.67495	        2.66649	        2.21039	        32.7466	        5.64946	        9.26773	        8.11086	       -2.78597	        33.6013	         -2.965
	       -9.51963	        2.63245	      -0.787284	        4.58545	        47.8164	        6.53645	        20.3301	        9.74267	       0.129446	         -2.965	        47.0373
invIMIS 4
	        34.1309	       -3.69881	         10.373	       0.678563	        3.80598	        64.2222	        13.5281	        -6.4214	        5.46152	        3.49578	       -22.4724
	       -3.69881	        10.4001	      -0.977858	       0.510215	       -20.8647	       -4.21487	        15.8831	       -2.31979	        1.02551	        11.8732	      -0.737362
	         10.373	      -0.977858	        216.789	        24.7724	       -38.3653	        -45.409	        28.6659	        3.27872	       -1.96676	        15.0717	       -33.8004
	       0.678563	       0.510215	        24.7724	        208.493	       -26.4745	       -32.7572	         24.595	         28.932	        2.18913	          5.097	        32.6606
	        3.80598	       -20.8647	       -38.3653	       -26.4745	        1995.46	        -376.94	       -84.8606	        79.8841	       -37.3667	        75.4601	        165.868
	        64.2222	       -4.21487	        -45.409	       -32.7572	        -376.94	        1672.72	       -484.972	        69.3588	        4.12737	        63.3824	       -8.22031
	        13.5281	        15.8831	        28.6659	         24.595	       -84.8606	       -484.972	        1484.77	       -77.9678	        19.7223	        58.9403	       -125.692
	        -6.4214	       -2.31979	        3.27872	         28.932	        79.8841	        69.3588	       -77.9678	        83.2442	       -5.03612	        48.8239	        39.2479
	        5.46152	        1.02551	       -1.96676	        2.18913	       -37.3667	        4.12737	        19.7223	       -5.03612	        7.08059	        2.67517	       -8.01912
	        3.49578	        11.8732	        15.0717	          5.097	        75.4601	        63.3824	        58.9403	        48.8239	        2.67517	        74.4382	        8.69604
	       -22.4724	      -0.737362	       -33.8004	        32.6606	        165.868	       -8.22031	       -125.692	        39.2479	       -8.01912	        8.69604	        115.974
invIMIS 5
	        108.764	        1.36164	        58.5503	        6.85724	       -134.427	        283.184	       -8.95657	       -62.1049	        21.6659	       -19.4583	       -91.0634
	        1.36164	        28.9442	       -8.23832	       -6.10211	        72.4546	       -3.63033	       -8.59591	        6.67944	        2.88141	        31.2525	        13.6824
	        58.5503	       -8.23832	        607.272	        178.182	       -118.516	       -215.069	        231.362	        53.5943	        11.1934	        5.13371	       -75.6926
	        6.85724	       -6.10211	        178.182	        638.392	        198.921	       -104.001	        104.277	        113.824	        1.24563	        110.042	        92.0454
	       -134.427	        72.4546	       -118.516	        198.921	        2119.13	       -1029.67	       -537.576	       -26.1759	       -88.1543	         107.97	        444.871
	        283.184	       -3.63033	       -215.069	       -104.001	       -1029.67	        6110.76	       -1044.17	        294.755	       -1.97688	        241.683	       -85.0473
	       -8.95657	       -8.59591	        231.362	        104.277	       -537.576	       -1044.17	        4531.39	       -512.778	        71.4917	       -186.399	       -159.801
	       -62.1049	        6.67944	        53.5943	        113.824	       -26.1759	        294.755	       -512.778	        239.122	       -22.1749	        109.029	        140.047
	        21.6659	        2.88141	        11.1934	        1.24563	       -88.1543	       -1.97688	        71.4917	       -22.1749	        18.7312	       -1.75174	       -28.3397
	       -19.4583	        31.2525	        5.13371	        110.042	         107.97	        241.683	       -186.399	        109.029	       -1.75174	        138.997	        127.139
	       -91.0634	        13.6824	       -75.6926	        92.0454	        444.871	       -85.0473	       -159.801	        140.047	       -28.3397	        127.139	        398.006
invIMIS 6
	        230.786	       -3.73816	        136.149	       -11.7636	       -166.815	        921.371	       -491.227	       -78.1267	        24.9441	       -29.9711	       -112.847
	       -3.73816	        32.4647	         14.807	        -4.0496	        28.9935	        64.3296	       -163.794	        45.8796	       -8.19265	        42.8323	        19.3643
	        136.149	         14.807	         1618.3	        815.267	       -21.7351	       -47.2102	        537.468	         315.77	        19.0023	        138.398	        2.36506
	       -11.7636	        -4.0496	        815.267	        1874.84	        308.042	       -375.215	        651.522	        402.473	       -15.5206	        411.348	        294.135
	       -166.815	        28.9935	       -21.7351	        308.042	        1829.76	       -684.145	        1536.38	       -220.522	        15.4003	        179.098	        252.526
	        921.371	        64.3296	       -47.2102	       -375.215	       -684.145	          13846	       -6088.82	        791.468	        15.1592	        601.504	       -77.2809
	       -491.227	       -163.794	        537.468	        651.522	        1536.38	       -6088.82	        6791.16	       -653.572	        32.3909	       -554.075	       -80.9278
	       -78.1267	        45.8796	         315.77	        402.473	       -220.522	        791.468	       -653.572	        592.071	       -28.7561	        323.983	        310.512
	        24.9441	       -8.19265	        19.0023	       -15.5206	        15.4003	        15.1592	        32.3909	       -28.7561	        17.6288	       -10.8896	        24.5742
	       -29.9711	        42.8323	        138.398	        411.348	        179.098	        601.504	       -554.075	        323.983	       -10.8896	        375.439	        329.277
	       -112.847	        19.3643	        2.36506	        294.135	        252.526	       -77.2809	       -80.9278	        310.512	        24.5742	        329.277	        764.131
invIMIS 7
	         150.72	        5.65864	        119.114	        46.3024	        -173.55	        1011.69	       -540.774	        23.5811	        2.95239	       -41.4054	       -95.2641
	        5.65864	        32.9053	        96.2014	        17.6726	        50.1606	        156.389	       -187.594	         87.621	       -3.51209	        77.8245	        76.2947
	        119.114	        96.2014	        2638.81	        1846.05	        209.825	       -345.628	        93.6931	         647.22	       -2.00578	        354.571	        249.289
	        46.3024	        17.6726	        1846.05	        3183.15	        177.979	        145.058	       -168.113	        910.059	       -29.2331	        738.053	        634.621
	        -173.55	        50.1606	        209.825	        177.979	        2352.55	       -1315.37	        1038.81	        -184.39	        67.0366	        209.081	        608.785
	        1011.69	        156.389	       -345.628	        145.058	       -1315.37	        19135.9	       -7176.85	        1756.41	       -78.2112	        1284.67	        937.015
	       -540.774	       -187.594	        93.6931	       -168.113	        1038.81	       -7176.85	        4970.98	       -879.047	        39.9725	       -576.612	       -425.223
	        23.5811	         87.621	         647.22	        910.059	        -184.39	        1756.41	       -879.047	         900.78	       -29.9602	        618.565	        546.201
	        2.95239	       -3.51209	       -2.00578	       -29.2331	        67.0366	       -78.2112	        39.9725	       -29.9602	        16.1068	       -24.8849	        22.9777
	       -41.4054	        77.8245	        354.571	        738.053	        209.081	        1284.67	       -576.612	        618.565	       -24.8849	        594.597	        578.821
	       -95.2641	        76.2947	        249.289	        634.621	        608.785	        937.015	       -425.223	        546.201	        22.9777	        578.821	        919.236
invIMIS 8
	        111.665	        7.55399	        111.672	          82.37	       -45.5435	        416.103	       -216.297	        -4.7101	        7.79783	       -9.99157	       -32.3075
	        7.55399	        13.4505	       -6.05077	       -15.3209	       -8.12102	         180.34	       -111.338	        18.5345	      -0.806777	        17.5316	        6.19536
	        111.672	       -6.05077	        2019.44	        1798.86	       -167.374	        -232.55	        236.705	        544.222	        3.89088	        314.397	         271.07
	          82.37	       -15.3209	        1798.86	        2766.89	        235.041	       -197.449	         611.07	        731.891	       -15.2726	        568.791	        552.055
	       -45.5435	       -8.12102	       -167.374	        235.041	        1279.91	       -1341.99	        837.578	       -154.979	        6.53625	        105.096	        308.763
	        416.103	         180.34	        -232.55	       -197.449	       -1341.99	        10370.3	       -4438.08	        1480.93	       -4.77958	        814.992	        415.204
	       -216.297	       -111.338	        236.705	         611.07	        837.578	       -4438.08	        3993.67	       -771.418	       -34.9743	       -497.816	       -451.677
	        -4.7101	        18.5345	        544.222	        731.891	       -154.979	        1480.93	       -771.418	        745.919	       -7.23818	        461.033	        451.812
	        7.79783	      -0.806777	        3.89088	       -15.2726	        6.53625	       -4.77958	       -34.9743	       -7.23818	        12.3847	       -4.97766	        16.5787
	       -9.99157	        17.5316	        314.397	        568.791	        105.096	        814.992	       -497.816	        461.033	       -4.97766	         450.81	         456.44
	       -32.3075	        6.19536	         271.07	        552.055	        308.763	        415.204	       -451.677	        451.812	        16.5787	         456.44	        715.368
invIMIS 9
	        217.196	        38.6642	        214.016	       -2.63333	       -221.982	        688.572	       -558.754	       -16.4298	        1.72545	       -86.1489	       -200.487
	        38.6642	        27.0337	         51.567	        74.1006	       -26.4954	          265.8	       -158.048	        30.8585	       -8.62472	        23.8151	       -21.0117
	        214.016	         51.567	        4391.11	        4400.77	        449.205	        553.175	        243.087	        1434.19	       -14.9773	        863.318	        663.655
	       -2.63333	        74.1006	        4400.77	        5810.54	        130.349	        294.064	        251.055	        2175.74	       -59.6362	        1415.89	        1591.28
	       -221.982	       -26.4954	        449.205	        130.349	        3165.83	       -2882.05	        1159.11	       -218.837	        46.0315	        303.411	        315.203
	        688.572	          265.8	        553.175	        294.064	       -2882.05	        19493.2	        -8347.8	        3492.28	       -278.087	        1744.85	        687.552
	       -558.754	       -158.048	        243.087	        251.055	        1159.11	        -8347.8	        7127.99	       -1310.21	         44.072	       -699.312	       -704.592
	       -16.4298	        30.8585	        1434.19	        2175.74	       -218.837	        3492.28	       -1310.21	        1802.42	       -59.3262	        1096.27	        1198.34
	        1.72545	       -8.62472	       -14.9773	       -59.6362	        46.0315	       -278.087	         44.072	       -59.3262	        28.2183	       -48.1818	        -10.959
	       -86.1489	        23.8151	        863.318	        1415.89	        303.411	        1744.85	       -699.312	        1096.27	       -48.1818	        910.178	        988.684
	       -200.487	       -21.0117	        663.655	        1591.28	        315.203	        687.552	       -704.592	        1198.34	        -10.959	        988.684	        1465.02
invIMIS 10
	        157.983	        25.6912	        243.046	        107.097	       -109.378	        780.673	       -477.618	        72.1244	        10.1636	        42.9139	        9.03281
	        25.6912	        19.1294	        35.1114	        52.1601	        36.8282	        160.093	       -149.063	        23.1843	       -1.27835	        32.4298	        3.16645
	        243.046	        35.1114	        4650.14	        4408.73	       -158.715	        702.743	        347.255	        1410.58	       -31.4852	        831.277	        749.281
	        107.097	        52.1601	        4408.73	        5536.25	        279.402	        891.285	         261.31	        1738.31	       -44.2272	        1131.95	        1131.46
	       -109.378	        36.8282	       -158.715	        279.402	        2316.68	       -1875.92	       -101.728	       -176.265	       -35.7396	        285.212	        303.069
	        780.673	        160.093	        702.743	        891.285	       -1875.92	        13395.3	       -5090.62	        2080.93	        13.2905	        1057.22	        319.723
	       -477.618	       -149.063	        347.255	         261.31	       -101.728	       -5090.62	        4032.66	        -519.04	       -64.3526	       -501.977	       -445.676
	        72.1244	        23.1843	        1410.58	        1738.31	       -176.265	        2080.93	        -519.04	         1147.8	       -5.01123	        680.556	         593.34
	        10.1636	       -1.27835	       -31.4852	       -44.2272	       -35.7396	        13.2905	       -64.3526	       -5.01123	        20.0635	        -3.5459	        12.8934
	        42.9139	        32.4298	        831.277	        1131.95	        285.212	        1057.22	       -501.977	        680.556	        -3.5459	        547.087	        486.516
	        9.03281	        3.16645	        749.281	        1131.46	        303.069	        319.723	       -445.676	         593.34	        12.8934	        486.516	         655.66
invIMIS 11
	        166.662	        38.3795	        260.932	        227.093	       -180.833	         873.83	       -470.654	        62.8622	        10.0958	        64.3859	        20.6602
	        38.3795	        33.5149	        149.403	        232.246	        25.2199	        324.204	       -239.655	        110.347	       -1.55035	        109.531	        74.4476
	        260.932	        149.403	        8649.46	        9149.73	        753.711	       -419.325	         1421.7	        2833.93	        2.01445	        2183.86	        1832.21
	        227.093	        232.246	        9149.73	        11687.6	        1263.16	        1482.38	        331.079	        4145.49	        -63.874	        3233.82	        2891.93
	       -180.833	        25.2199	        753.711	        1263.16	        2165.49	       -175.716	        552.682	        672.737	       -65.8986	        508.695	        330.823
	         873.83	        324.204	       -419.325	        1482.38	       -175.716	        18905.8	       -9181.41	        3469.44	       -131.056	        2806.08	        2109.23
	       -470.654	       -239.655	         1421.7	        331.079	        552.682	       -9181.41	        6253.79	       -1148.01	        54.5927	       -1074.97	       -851.223
	        62.8622	        110.347	        2833.93	        4145.49	        672.737	        3469.44	       -1148.01	        2492.22	       -74.2831	        1867.07	        1685.19
	        10.0958	       -1.55035	        2.01445	        -63.874	       -65.8986	       -131.056	        54.5927	       -74.2831	        21.3671	       -66.4953	       -55.4712
	        64.3859	        109.531	        2183.86	        3233.82	        508.695	        2806.08	       -1074.97	        1867.07	       -66.4953	        1495.38	        1280.72
	        20.6602	        74.4476	        1832.21	        2891.93	        330.823	        2109.23	       -851.223	        1685.19	       -55.4712	        1280.72	         1325.2
invIMIS 12
	        121.268	        23.0254	        65.8735	        21.4308	       -68.1853	        724.129	       -478.116	       -9.90502	         2.5921	       -30.8036	         -16.74
	        23.0254	        35.4994	        103.651	        178.117	        85.9855	        216.301	       -232.477	        87.4932	       -2.37983	        86.6408	        64.7823
	        65.8735	        103.651	        5745.17	        5918.68	        1057.19	       -1584.55	        1332.12	         1523.5	       -16.4702	        1199.85	        916.185
	        21.4308	        178.117	        5918.68	        7775.25	        1590.81	       -245.308	        578.602	        2638.73	       -67.0023	        2121.77	        1780.52
	       -68.1853	        85.9855	        1057.19	        1590.81	        1990.26	       -631.818	        438.392	        498.096	       -27.0856	        477.032	        245.107
	        724.129	        216.301	       -1584.55	       -245.308	       -631.818	        16132.4	       -8461.05	        2388.57	       -56.7491	        1837.49	        1349.93
	       -478.116	       -232.477	        1332.12	        578.602	        438.392	       -8461.05	        6339.36	       -896.682	        1.59006	       -819.537	       -618.284
	       -9.90502	        87.4932	         1523.5	        2638.73	        498.096	        2388.57	       -896.682	           1877	       -41.8886	        1413.48	        1210.61
	         2.5921	       -2.37983	       -16.4702	       -67.0023	       -27.0856	       -56.7491	        1.59006	       -41.8886	        17.8393	       -55.2083	       -40.0882
	       -30.8036	        86.6408	        1199.85	        2121.77	        477.032	        1837.49	       -819.537	        1413.48	       -55.2083	        1195.19	        997.889
	         -16.74	        64.7823	        916.185	        1780.52	        245.107	        1349.93	       -618.284	        1210.61	       -40.0882	        997.889	        950.557
invIMIS 13
	        127.886	        20.3678	        9.43857	       -105.587	       -75.3403	        407.962	       -214.143	       -21.9819	        8.17805	       -36.9737	       -73.0642
	        20.3678	        18.1039	        23.6416	        56.9964	       -8.49508	        167.142	       -107.407	        49.8938	       -2.30969	        29.4313	        9.70523
	        9.43857	        23.6416	        5051.84	        5080.01	         233.67	       -1025.18	        1335.01	        1560.22	        24.9495	        1009.37	        890.962
	       -105.587	        56.9964	        5080.01	        6436.53	        560.481	        66.2487	        790.255	        2295.99	       -29.6162	        1612.67	        1502.96
	       -75.3403	       -8.49508	         233.67	        560.481	        1548.51	       -871.842	        508.557	         96.703	       -2.10388	        56.0497	        107.305
	        407.962	        167.142	       -1025.18	        66.2487	       -871.842	        15421.2	        -6115.2	        2963.76	       -86.1249	        1984.35	         1499.9
	       -214.143	       -107.407	        1335.01	        790.255	        508.557	        -6115.2	         4326.7	       -1081.79	        52.0041	        -643.92	       -466.075
	       -21.9819	        49.8938	        1560.22	        2295.99	         96.703	        2963.76	       -1081.79	        1756.14	        -21.362	        1177.08	        1154.29
	        8.17805	       -2.30969	        24.9495	       -29.6162	       -2.10388	       -86.1249	        52.0041	        -21.362	        19.4643	       -21.6129	       -30.4911
	       -36.9737	        29.4313	        1009.37	        1612.67	        56.0497	        1984.35	        -643.92	        1177.08	       -21.6129	        861.252	        812.714
	       -73.0642	        9.70523	        890.962	        1502.96	        107.305	         1499.9	       -466.075	        1154.29	       -30.4911	        812.714	        1007.89
invIMIS 14
	        182.179	        38.5515	        286.329	        129.038	        -168.28	        845.725	       -438.313	        107.352	        10.1597	        30.0534	       -25.1368
	        38.5515	        30.7013	        159.468	        260.103	         35.326	        397.765	       -232.575	        163.385	      -0.479651	        128.053	         113.25
	        286.329	        159.468	        6483.64	        7079.09	        1135.06	        382.677	        224.208	        2132.59	       -65.7169	           1609	        1456.78
	        129.038	        260.103	        7079.09	        9619.92	         1488.7	        1952.36	       -940.116	        3524.33	       -138.827	        2740.75	        2627.17
	        -168.28	         35.326	        1135.06	         1488.7	        2910.92	       -1049.22	        615.593	        469.514	       -47.3189	        533.877	        400.879
	        845.725	        397.765	        382.677	        1952.36	       -1049.22	        17243.5	       -8334.98	        4203.15	       -159.645	        3097.19	        2606.09
	       -438.313	       -232.575	        224.208	       -940.116	        615.593	       -8334.98	        5454.02	       -1782.65	        75.4274	       -1369.08	       -1176.19
	        107.352	        163.385	        2132.59	        3524.33	        469.514	        4203.15	       -1782.65	        2394.31	       -98.7821	         1796.3	        1663.85
	        10.1597	      -0.479651	       -65.7169	       -138.827	       -47.3189	       -159.645	        75.4274	       -98.7821	        31.1222	       -85.9889	       -86.2528
	        30.0534	        128.053	           1609	        2740.75	        533.877	        3097.19	       -1369.08	         1796.3	       -85.9889	        1494.28	        1387.64
	       -25.1368	         113.25	        1456.78	        2627.17	        400.879	        2606.09	       -1176.19	        1663.85	       -86.2528	        1387.64	        1410.29
invIMIS 15
	        161.492	         34.678	        253.885	        128.178	       -103.482	        1190.41	       -510.316	        224.564	        6.36247	         145.48	        62.8883
	         34.678	        37.5275	        174.983	        332.953	         43.754	        619.158	       -329.277	        265.945	       -5.31053	        227.249	        199.892
	        253.885	        174.983	        8717.05	        8338.82	        1495.72	       -1753.06	        3508.55	        2825.57	        2.53494	        2290.75	        1641.23
	        128.178	        332.953	        8338.82	        10874.1	        1601.49	        1671.34	        1578.87	        4545.79	       -52.0219	        3719.88	        3096.35
	       -103.482	         43.754	        1495.72	        1601.49	        3026.11	       -2345.21	        1597.03	        43.7055	       -108.549	        249.783	        218.781
	        1190.41	        619.158	       -1753.06	        1671.34	       -2345.21	          31806	       -13577.7	        6945.88	       -52.8655	        5087.87	        4349.46
	       -510.316	       -329.277	        3508.55	        1578.87	        1597.03	       -13577.7	        8949.07	        -1919.3	       -54.8798	       -1579.01	       -1547.06
	        224.564	        265.945	        2825.57	        4545.79	        43.7055	        6945.88	        -1919.3	        3516.17	       -32.9268	        2651.22	           2296
	        6.36247	       -5.31053	        2.53494	       -52.0219	       -108.549	       -52.8655	       -54.8798	       -32.9268	        29.9789	       -46.2668	       -30.2576
	         145.48	        227.249	        2290.75	        3719.88	        249.783	        5087.87	       -1579.01	        2651.22	       -46.2668	        2220.74	        1923.11
	        62.8883	        199.892	        1641.23	        3096.35	        218.781	        4349.46	       -1547.06	           2296	       -30.2576	        1923.11	        1795.27
invIMIS 16
	        193.331	        40.9875	         401.09	        209.006	       -103.844	        1082.45	       -556.203	        157.979	        20.8103	        124.236	        26.6678
	        40.9875	        40.4286	        398.719	        520.675	        81.2079	        438.785	       -226.224	        265.554	        8.60183	        230.601	        190.974
	         401.09	        398.719	        13378.1	          13461	        2345.74	       -3062.89	        3839.39	        4398.19	        2.56274	        3492.72	        2807.39
	        209.006	        520.675	          13461	        16213.4	        2797.01	        614.348	        2112.68	        5933.48	       -24.9872	        4930.62	        4148.74
	       -103.844	        81.2079	        2345.74	        2797.01	        3206.16	       -946.659	        1721.62	        1072.65	       -139.639	           1000	        871.375
	        1082.45	        438.785	       -3062.89	        614.348	       -946.659	        30112.8	       -13640.1	        5099.08	      -0.222385	        4161.07	        3279.93
	       -556.203	       -226.224	        3839.39	        2112.68	        1721.62	       -13640.1	        9364.24	       -1403.54	       -119.619	       -1210.34	       -844.108
	        157.979	        265.554	        4398.19	        5933.48	        1072.65	        5099.08	       -1403.54	        3420.54	          16.98	        2759.26	        2359.25
	        20.8103	        8.60183	        2.56274	       -24.9872	       -139.639	      -0.222385	       -119.619	          16.98	        29.4529	       -11.0192	       -2.18212
	        124.236	        230.601	        3492.72	        4930.62	           1000	        4161.07	       -1210.34	        2759.26	       -11.0192	        2420.15	        2038.41
	        26.6678	        190.974	        2807.39	        4148.74	        871.375	        3279.93	       -844.108	        2359.25	       -2.18212	        2038.41	        1855.83
invIMIS 17
	        199.818	        39.6531	        331.536	        321.895	       -59.1635	        1411.99	       -706.682	        133.988	         16.087	        72.1965	        42.4493
	        39.6531	        59.9551	         455.98	        628.329	        181.962	        346.418	       -239.069	        298.527	        10.0286	        225.905	         216.77
	        331.536	         455.98	        18511.7	        19270.9	        2178.44	       -3542.12	        5053.84	        6163.99	       -63.7006	        4437.73	        3748.44
	        321.895	        628.329	        19270.9	          23091	        2054.53	       -191.856	        3455.92	        8470.83	        24.3552	        6168.11	        5393.17
	       -59.1635	        181.962	        2178.44	        2054.53	         3744.9	       -3638.47	        1301.72	        699.902	       -36.4243	        545.883	        520.955
	        1411.99	        346.418	       -3542.12	       -191.856	       -3638.47	        38341.9	       -17594.9	        6277.02	        220.879	        4396.39	        4111.05
	       -706.682	       -239.069	        5053.84	        3455.92	        1301.72	       -17594.9	        11121.1	       -1747.75	       -188.643	       -1117.88	       -1363.55
	        133.988	        298.527	        6163.99	        8470.83	        699.902	        6277.02	       -1747.75	        4756.96	        18.9216	         3464.2	        3156.22
	         16.087	        10.0286	       -63.7006	        24.3552	       -36.4243	        220.879	       -188.643	        18.9216	        22.3081	       -11.0925	        23.0921
	        72.1965	        225.905	        4437.73	        6168.11	        545.883	        4396.39	       -1117.88	         3464.2	       -11.0925	         2689.5	        2379.02
	        42.4493	         216.77	        3748.44	        5393.17	        520.955	        4111.05	       -1363.55	        3156.22	        23.0921	        2379.02	        2298.96
invIMIS 18
	        176.862	        19.6295	         149.14	        9.78667	        124.616	        1077.04	       -421.267	        63.4082	       -8.48154	        35.2066	        -1.2362
	        19.6295	        23.9182	        32.9067	        126.939	        13.1597	        325.673	       -175.185	        115.522	        2.11047	        97.6431	        79.1401
	         149.14	        32.9067	        5737.24	         5110.3	         527.99	       -2570.32	        2219.65	        1188.25	       -65.5088	        697.291	         437.75
	        9.78667	        126.939	         5110.3	        6908.11	        407.044	        1000.42	        529.863	        2646.26	       -6.28121	        1929.31	        1603.26
	        124.616	        13.1597	         527.99	        407.044	         1951.7	       -373.632	       -34.1139	        87.5201	       -15.0585	        140.297	         119.35
	        1077.04	        325.673	       -2570.32	        1000.42	       -373.632	        27708.8	       -12828.4	           5194	         63.637	        3527.81	        3661.77
	       -421.267	       -175.185	        2219.65	        529.863	       -34.1139	       -12828.4	        7599.83	       -2161.78	        12.5822	       -1498.32	       -1440.05
	        63.4082	        115.522	        1188.25	        2646.26	        87.5201	           5194	       -2161.78	        2258.72	        27.0294	        1599.39	        1579.19
	       -8.48154	        2.11047	       -65.5088	       -6.28121	       -15.0585	         63.637	        12.5822	        27.0294	        9.91611	        10.5856	        29.7431
	        35.2066	        97.6431	        697.291	        1929.31	        140.297	        3527.81	       -1498.32	        1599.39	        10.5856	        1346.34	        1238.78
	        -1.2362	        79.1401	         437.75	        1603.26	         119.35	        3661.77	       -1440.05	        1579.19	        29.7431	        1238.78	        1369.95
