invIMIS 0
	              0	              0	              0	              0	              0	              0	              0	              0	              0	              0	              0
	              0	              0	              0	              0	              0	              0	              0	              0	              0	              0	              0
	              0	              0	              0	              0	              0	              0	              0	              0	              0	              0	              0
	              0	              0	              0	              0	              0	              0	              0	              0	              0	              0	              0
	              0	              0	              0	              0	              0	              0	              0	              0	              0	              0	              0
	              0	              0	              0	              0	              0	              0	              0	              0	              0	              0	              0
	              0	              0	              0	              0	              0	              0	              0	              0	              0	              0	              0
	              0	              0	              0	              0	              0	              0	              0	              0	              0	              0	              0
	              0	              0	              0	              0	              0	              0	              0	              0	              0	              0	              0
	              0	              0	              0	              0	              0	              0	              0	              0	              0	              0	              0
	              0	              0	              0	              0	              0	              0	              0	              0	              0	              0	              0
invIMIS 1
	        5.33415	      -0.414929	       0.638779	      -0.393463	        2.50996	         -1.204	        -9.2048	      -0.672812	      -0.441148	       -1.65649	       -2.14117
	      -0.414929	        1.75541	       0.125649	      -0.163769	       0.516158	      -0.905454	      -0.148915	      -0.119843	      0.0159127	      -0.496249	      -0.323804
	       0.638779	       0.125649	        17.0181	        1.19577	        -3.0759	      -0.435142	        1.53799	       0.037429	      0.0931635	      0.0225213	       0.730796
	      -0.393463	      -0.163769	        1.19577	        21.1665	       -2.20453	        1.55311	       -0.15371	       0.352827	       0.286525	       0.852833	      0.0913297
	        2.50996	       0.516158	        -3.0759	       -2.20453	        312.642	       -4.58849	         7.9385	       -1.85216	        0.89581	        3.67732	        7.55828
	         -1.204	      -0.905454	      -0.435142	        1.55311	       -4.58849	        150.706	        1.41426	       0.144308	        1.00328	       0.591098	        -5.4834
	        -9.2048	      -0.148915	        1.53799	       -0.15371	         7.9385	        1.41426	        329.141	       -0.65581	       -0.76233	        -5.3653	       -13.3032
	      -0.672812	      -0.119843	       0.037429	       0.352827	       -1.85216	       0.144308	       -0.65581	        18.0825	      0.0987983	       0.384617	        0.36453
	      -0.441148	      0.0159127	      0.0931635	       0.286525	        0.89581	        1.00328	       -0.76233	      0.0987983	        1.48994	      -0.396723	      -0.671663
	       -1.65649	      -0.496249	      0.0225213	       0.852833	        3.67732	       0.591098	        -5.3653	       0.384617	      -0.396723	        12.0239	       -3.13536
	       -2.14117	      -0.323804	       0.730796	      0.0913297	        7.55828	        -5.4834	       -13.3032	        0.36453	      -0.671663	       -3.13536	        18.3951
invIMIS 2
	        6.41033	      0.0223395	        1.20207	      -0.578858	       -1.03007	        2.72574	          6.861	       -2.41296	      -0.275447	       0.161202	       -3.00879
	      0.0223395	        1.66074	      -0.210255	     -0.0991811	        2.26503	        -1.2014	       -5.00553	       0.903787	      -0.171961	     -0.0105898	        0.44625
	        1.20207	      -0.210255	         16.928	        0.34941	        4.41367	       -3.85925	       -2.83381	        1.72865	       0.112191	       0.272513	       0.405615
	      -0.578858	     -0.0991811	        0.34941	        24.9248	       -3.17318	      -0.306796	        3.39918	      -0.664501	     -0.0147104	     -0.0440244	       0.419673
	       -1.03007	        2.26503	        4.41367	       -3.17318	        341.449	       -8.37179	        46.4183	       -8.20416	        2.33155	      -0.314205	       -2.47431
	        2.72574	        -1.2014	       -3.85925	      -0.306796	       -8.37179	        159.393	       -30.4505	        8.18363	       -1.23335	        1.18553	        2.93703
	          6.861	       -5.00553	       -2.83381	        3.39918	        46.4183	       -30.4505	        329.969	         7.3461	       -2.00464	       -7.29745	        7.84312
	       -2.41296	       0.903787	        1.72865	      -0.664501	       -8.20416	        8.18363	         7.3461	        16.5533	       0.406027	       0.869594	       -4.81678
	      -0.275447	      -0.171961	       0.112191	     -0.0147104	        2.33155	       -1.23335	       -2.00464	       0.406027	        1.80729	      -0.301002	      -0.286197
	       0.161202	     -0.0105898	       0.272513	     -0.0440244	      -0.314205	        1.18553	       -7.29745	       0.869594	      -0.301002	        13.1266	       -1.19297
	       -3.00879	        0.44625	       0.405615	       0.419673	       -2.47431	        2.93703	        7.84312	       -4.81678	      -0.286197	       -1.19297	        20.6695
invIMIS 3
	        33.4451	      -0.216647	        7.32071	       -3.55756	       -11.2137	       -8.77149	       -2.34245	       -4.68125	        -2.1192	       -5.82096	       -19.7383
	      -0.216647	         6.1605	       0.299301	      -0.637047	        16.7531	       -11.6288	       -32.7674	        4.16157	      -0.565592	       -5.50654	        4.44645
	        7.32071	       0.299301	        88.9548	        13.6724	       -5.16464	       -10.1994	       -1.52723	        7.07557	       -3.33026	        9.61409	        -8.3204
	       -3.55756	      -0.637047	        13.6724	        111.315	       -2.84997	        15.4064	       -6.90218	        1.72198	        3.28785	       -2.45089	        13.4258
	       -11.2137	        16.7531	       -5.16464	       -2.84997	        1434.36	        -10.706	        270.003	       -5.23291	        6.20455	        25.7803	       -13.7984
	       -8.77149	       -11.6288	       -10.1994	        15.4064	        -10.706	        814.437	       -215.188	        33.6785	       -6.91813	        6.81191	        20.2841
	       -2.34245	       -32.7674	       -1.52723	       -6.90218	        270.003	       -215.188	        1404.37	        44.3816	       -19.0249	       -63.8598	       -2.09348
	       -4.68125	        4.16157	        7.07557	        1.72198	       -5.23291	        33.6785	        44.3816	        80.7534	        5.91497	        7.84201	       -12.3317
	        -2.1192	      -0.565592	       -3.33026	        3.28785	        6.20455	       -6.91813	       -19.0249	        5.91497	        7.34846	        1.29915	       -7.67397
	       -5.82096	       -5.50654	        9.61409	       -2.45089	        25.7803	        6.81191	       -63.8598	        7.84201	        1.29915	         49.597	        4.88311
	       -19.7383	        4.44645	        -8.3204	        13.4258	       -13.7984	        20.2841	       -2.09348	       -12.3317	       -7.67397	        4.88311	        75.9578
invIMIS 4
	         94.724	       -8.09224	        18.5912	       0.912163	        48.1094	        35.3973	        67.6462	       -11.7374	       -3.16251	       -7.22101	       -45.3359
	       -8.09224	         7.4488	        7.73123	       0.524459	       -33.9759	        12.9476	        5.96303	        5.21792	        3.16397	        -2.5763	        1.38345
	        18.5912	        7.73123	        246.761	        34.2566	       -50.5484	       -96.0354	       -90.2036	        13.7665	       -7.83868	        23.9949	       -17.0671
	       0.912163	       0.524459	        34.2566	         330.47	       -74.5888	        27.0697	        -18.668	        23.7942	        5.86911	       -7.92874	        41.2796
	        48.1094	       -33.9759	       -50.5484	       -74.5888	        3017.31	       -373.669	        1521.39	       -62.5763	        46.3782	        151.323	       -109.633
	        35.3973	        12.9476	       -96.0354	        27.0697	       -373.669	        1945.56	       -659.315	        92.7116	       -31.3708	        12.8636	         10.038
	        67.6462	        5.96303	       -90.2036	        -18.668	        1521.39	       -659.315	        3582.39	        130.372	       -71.4533	       -172.421	       -133.551
	       -11.7374	        5.21792	        13.7665	        23.7942	       -62.5763	        92.7116	        130.372	        238.554	        11.4051	        27.6585	       -35.2236
	       -3.16251	        3.16397	       -7.83868	        5.86911	        46.3782	       -31.3708	       -71.4533	        11.4051	         20.263	       -2.61761	       -10.3709
	       -7.22101	        -2.5763	        23.9949	       -7.92874	        151.323	        12.8636	       -172.421	        27.6585	       -2.61761	        116.332	        56.5657
	       -45.3359	        1.38345	       -17.0671	        41.2796	       -109.633	         10.038	       -133.551	       -35.2236	       -10.3709	        56.5657	        158.887
invIMIS 5
	        107.196	      -0.527349	        10.3703	        28.5653	       -141.923	        70.7659	        31.2747	         -12.15	      -0.533591	       -39.9084	       -62.0891
	      -0.527349	        7.61766	        7.72173	       -7.03615	        30.2237	       -16.7393	          28.74	        14.1326	        2.56018	        4.92502	       0.832153
	        10.3703	        7.72173	        327.995	        86.9595	        -19.262	       -55.8904	       -44.1387	        48.3832	       -2.49131	        23.0431	       -24.1478
	        28.5653	       -7.03615	        86.9595	        384.244	        91.1215	        54.3563	       -18.2288	        76.9972	       -6.85012	        41.9795	        22.0647
	       -141.923	        30.2237	        -19.262	        91.1215	        2556.79	       -168.175	        1123.13	       -220.502	        42.7974	       -33.2373	        68.1757
	        70.7659	       -16.7393	       -55.8904	        54.3563	       -168.175	        2396.45	       -605.741	        182.786	       -43.2223	        21.1069	        8.54172
	        31.2747	          28.74	       -44.1387	       -18.2288	        1123.13	       -605.741	        4545.81	        58.6037	       -67.1837	       -269.897	       -93.9785
	         -12.15	        14.1326	        48.3832	        76.9972	       -220.502	        182.786	        58.6037	        304.233	        19.4537	         27.609	        -61.825
	      -0.533591	        2.56018	       -2.49131	       -6.85012	        42.7974	       -43.2223	       -67.1837	        19.4537	        19.1501	        5.74722	       -14.3169
	       -39.9084	        4.92502	        23.0431	        41.9795	       -33.2373	        21.1069	       -269.897	         27.609	        5.74722	        110.082	        100.876
	       -62.0891	       0.832153	       -24.1478	        22.0647	        68.1757	        8.54172	       -93.9785	        -61.825	       -14.3169	        100.876	        222.403
invIMIS 6
	        291.394	       0.992288	        70.4021	        101.795	       -414.716	        754.187	        -161.17	        165.153	         20.516	       -125.747	       -219.362
	       0.992288	        18.0362	        23.9677	        30.3726	       -9.36465	         131.99	        111.017	        77.3616	       0.829776	        32.1413	        38.4911
	        70.4021	        23.9677	        1620.78	        1685.29	        51.0567	       -1131.34	        269.815	        404.337	        17.6913	        288.943	        173.925
	        101.795	        30.3726	        1685.29	        2504.31	         18.581	        -395.18	       -188.752	        963.125	      -0.324806	        580.119	        410.237
	       -414.716	       -9.36465	        51.0567	         18.581	        3959.94	       -1220.26	        1327.45	       -303.703	        89.2733	        359.435	        485.892
	        754.187	         131.99	       -1131.34	        -395.18	       -1220.26	         9917.3	       -3850.37	        1418.37	       -11.2185	        343.567	       -85.2521
	        -161.17	        111.017	        269.815	       -188.752	        1327.45	       -3850.37	        9444.54	        493.645	        9.60762	       -432.128	       -175.518
	        165.153	        77.3616	        404.337	        963.125	       -303.703	        1418.37	        493.645	        1095.48	        1.91899	        413.502	        302.133
	         20.516	       0.829776	        17.6913	      -0.324806	        89.2733	       -11.2185	        9.60762	        1.91899	        22.3443	        9.33121	       -6.06711
	       -125.747	        32.1413	        288.943	        580.119	        359.435	        343.567	       -432.128	        413.502	        9.33121	        556.828	        454.707
	       -219.362	        38.4911	        173.925	        410.237	        485.892	       -85.2521	       -175.518	        302.133	       -6.06711	        454.707	        533.293
invIMIS 7
	         592.53	         1.2785	        196.227	        233.341	       -1183.98	        1826.66	       -228.971	        352.688	       -4.38542	       -282.774	       -464.816
	         1.2785	        37.7922	        33.9733	        81.8434	        62.2144	        277.686	         137.45	        141.842	       -2.41386	         89.311	        82.2081
	        196.227	        33.9733	        3266.93	        2852.92	         -546.5	       -2202.14	       -184.116	        742.525	        21.5424	         525.99	          293.6
	        233.341	        81.8434	        2852.92	        4596.59	         228.96	       -1515.52	        726.047	        1551.73	        33.6115	        1219.44	        931.382
	       -1183.98	        62.2144	         -546.5	         228.96	        10281.2	       -2567.32	        2592.25	       -797.034	        88.4734	        742.492	        1599.07
	        1826.66	        277.686	       -2202.14	       -1515.52	       -2567.32	        21556.2	       -4745.76	        2497.81	        83.9328	        769.956	       -28.7412
	       -228.971	         137.45	       -184.116	        726.047	        2592.25	       -4745.76	        14073.4	        363.266	        55.4109	       -543.178	       -595.109
	        352.688	        141.842	        742.525	        1551.73	       -797.034	        2497.81	        363.266	        1772.62	        14.5974	        990.407	        479.077
	       -4.38542	       -2.41386	        21.5424	        33.6115	        88.4734	        83.9328	        55.4109	        14.5974	        22.5046	      -0.689359	        11.0867
	       -282.774	         89.311	         525.99	        1219.44	        742.492	        769.956	       -543.178	        990.407	      -0.689359	        1283.01	        1056.75
	       -464.816	        82.2081	          293.6	        931.382	        1599.07	       -28.7412	       -595.109	        479.077	        11.0867	        1056.75	         1114.3
invIMIS 8
	        351.072	       -10.2095	       -184.676	       -156.269	       -498.109	        1491.63	       -495.398	        154.176	        3.26381	       -179.338	       -269.992
	       -10.2095	        22.3195	        27.3424	        66.0867	        53.1171	        92.7743	        198.206	        108.012	       -1.85547	        77.4593	        73.7957
	       -184.676	        27.3424	        3159.64	        2880.92	         219.66	       -2989.25	        231.293	        578.009	        4.68789	        757.498	        578.683
	       -156.269	        66.0867	        2880.92	        4671.36	        1376.19	       -2744.68	        234.878	        1413.98	        38.9903	        1432.99	        1316.15
	       -498.109	        53.1171	         219.66	        1376.19	         8555.2	       -3388.98	        3208.49	       -4.48829	        35.0121	        604.672	        1022.07
	        1491.63	        92.7743	       -2989.25	       -2744.68	       -3388.98	          17541	       -5643.13	        1440.74	       -20.2475	        56.8845	       -514.688
	       -495.398	        198.206	        231.293	        234.878	        3208.49	       -5643.13	        15488.9	        467.397	        88.8048	        -427.74	       -178.399
	        154.176	        108.012	        578.009	        1413.98	       -4.48829	        1440.74	        467.397	        1538.36	       -2.59571	        975.332	         683.48
	        3.26381	       -1.85547	        4.68789	        38.9903	        35.0121	       -20.2475	        88.8048	       -2.59571	        6.30407	        -18.534	       -7.82944
	       -179.338	        77.4593	        757.498	        1432.99	        604.672	        56.8845	        -427.74	        975.332	        -18.534	        1055.28	        896.691
	       -269.992	        73.7957	        578.683	        1316.15	        1022.07	       -514.688	       -178.399	         683.48	       -7.82944	        896.691	        925.574
invIMIS 9
	        384.145	       -26.0934	         41.477	         262.55	       -588.974	        1570.67	       -1204.87	        190.221	       -15.0308	       -45.4734	       -134.791
	       -26.0934	        48.7922	        299.768	        462.807	        135.154	       -54.8741	        214.206	        357.977	       -2.46606	        292.613	        239.084
	         41.477	        299.768	        7096.23	        7873.27	        713.529	       -2762.26	        4003.18	        3196.73	       -34.2051	        2809.67	        2108.01
	         262.55	        462.807	        7873.27	        10786.3	        874.456	       -288.833	        808.782	         5346.3	       -89.0754	         4729.4	        3590.76
	       -588.974	        135.154	        713.529	        874.456	        5735.94	       -3857.98	         4756.4	        417.878	        40.7976	        804.173	        1056.52
	        1570.67	       -54.8741	       -2762.26	       -288.833	       -3857.98	        17820.9	       -14987.2	         2208.6	       -120.779	        1249.79	        332.911
	       -1204.87	        214.206	        4003.18	        808.782	         4756.4	       -14987.2	        23192.2	        -552.57	        202.517	       -1152.25	       -561.026
	        190.221	        357.977	        3196.73	         5346.3	        417.878	         2208.6	        -552.57	        4152.88	       -63.8576	        3287.74	        2422.06
	       -15.0308	       -2.46606	       -34.2051	       -89.0754	        40.7976	       -120.779	        202.517	       -63.8576	        11.5305	       -58.9757	       -32.9854
	       -45.4734	        292.613	        2809.67	         4729.4	        804.173	        1249.79	       -1152.25	        3287.74	       -58.9757	        3056.06	        2299.82
	       -134.791	        239.084	        2108.01	        3590.76	        1056.52	        332.911	       -561.026	        2422.06	       -32.9854	        2299.82	        1930.57
invIMIS 10
	        476.002	        11.7824	        16.0645	        133.232	       -984.746	        1741.19	       -749.657	        250.842	       -29.9523	       -110.015	       -258.939
	        11.7824	        33.8972	        134.031	        254.663	        -132.27	        23.4901	        82.5789	        185.056	        1.54338	        128.129	        120.032
	        16.0645	        134.031	        4520.89	        4174.38	       -787.711	       -4022.93	        3324.11	        1334.42	       -18.8752	         956.84	        498.559
	        133.232	        254.663	        4174.38	        5694.58	        395.277	       -1985.67	        925.361	        2538.72	       -54.8063	        2062.55	         1472.8
	       -984.746	        -132.27	       -787.711	        395.277	        8610.13	          -4650	        398.371	       -78.7322	        72.6607	        587.101	        1211.28
	        1741.19	        23.4901	       -4022.93	       -1985.67	          -4650	        22025.9	         -12864	        1693.66	       -18.2941	        349.888	       -196.825
	       -749.657	        82.5789	        3324.11	        925.361	        398.371	         -12864	        21095.7	         552.49	        243.428	        -1362.6	       -861.121
	        250.842	        185.056	        1334.42	        2538.72	       -78.7322	        1693.66	         552.49	        2413.42	        1.72605	        1545.91	        1070.33
	       -29.9523	        1.54338	       -18.8752	       -54.8063	        72.6607	       -18.2941	        243.428	        1.72605	        22.6832	       -22.9296	        5.16505
	       -110.015	        128.129	         956.84	        2062.55	        587.101	        349.888	        -1362.6	        1545.91	       -22.9296	        1639.96	        1236.66
	       -258.939	        120.032	        498.559	         1472.8	        1211.28	       -196.825	       -861.121	        1070.33	        5.16505	        1236.66	        1258.44
invIMIS 11
	        157.834	        20.0169	        357.454	        314.837	       -230.281	        1035.65	       -320.892	        275.621	       -15.2607	        58.0584	       -38.1241
	        20.0169	         60.334	        322.895	        594.412	       -9.00802	        297.802	       -110.668	        422.662	         2.5883	        332.137	        287.114
	        357.454	        322.895	        10149.1	        12817.7	       -119.732	       -228.587	       -1343.53	         4971.7	       -61.6306	        4208.03	        3136.38
	        314.837	        594.412	        12817.7	        18687.1	        343.077	        2777.46	       -3365.22	        8630.73	       -73.2336	        7633.96	        5825.67
	       -230.281	       -9.00802	       -119.732	        343.077	        5112.22	       -1810.75	        2503.77	        -279.32	       -23.1899	       -48.9179	        469.363
	        1035.65	        297.802	       -228.587	        2777.46	       -1810.75	        25898.2	       -10725.3	        7331.76	       -245.239	        5464.91	        2923.17
	       -320.892	       -110.668	       -1343.53	       -3365.22	        2503.77	       -10725.3	        11433.3	       -3974.85	        226.292	       -4033.32	       -2317.16
	        275.621	        422.662	         4971.7	        8630.73	        -279.32	        7331.76	       -3974.85	        6012.88	       -52.7335	        5062.19	         3705.1
	       -15.2607	         2.5883	       -61.6306	       -73.2336	       -23.1899	       -245.239	        226.292	       -52.7335	        20.8785	       -61.3381	       -47.6322
	        58.0584	        332.137	        4208.03	        7633.96	       -48.9179	        5464.91	       -4033.32	        5062.19	       -61.3381	         4753.3	        3522.37
	       -38.1241	        287.114	        3136.38	        5825.67	        469.363	        2923.17	       -2317.16	         3705.1	       -47.6322	        3522.37	        3000.17
invIMIS 12
	        130.286	        14.6926	        86.5371	        122.052	       -161.123	        782.987	       -345.829	         153.08	       -3.38831	       -50.9704	       -50.9887
	        14.6926	        32.9398	        142.818	        225.706	       -10.8708	        174.196	        69.3903	        186.058	       -2.00884	        109.282	           69.8
	        86.5371	        142.818	        4832.78	        5448.83	       -507.845	       -2561.52	        1360.49	        1773.63	       -32.1226	        1166.41	        712.128
	        122.052	        225.706	        5448.83	        7901.11	       -442.445	       -512.157	        65.4101	        3459.27	        -56.071	        2615.05	        1799.89
	       -161.123	       -10.8708	       -507.845	       -442.445	        3826.16	       -2323.17	        3792.79	       -588.586	        28.0701	       -212.137	        21.3894
	        782.987	        174.196	       -2561.52	       -512.157	       -2323.17	          16140	       -6648.51	        2896.14	       -69.9292	        1405.03	        953.771
	       -345.829	        69.3903	        1360.49	        65.4101	        3792.79	       -6648.51	        9913.88	        -1056.7	        101.694	       -1231.05	       -830.542
	         153.08	        186.058	        1773.63	        3459.27	       -588.586	        2896.14	        -1056.7	        2653.33	       -11.9563	        1835.73	        1281.54
	       -3.38831	       -2.00884	       -32.1226	        -56.071	        28.0701	       -69.9292	        101.694	       -11.9563	        14.5905	        -38.928	       -28.8164
	       -50.9704	        109.282	        1166.41	        2615.05	       -212.137	        1405.03	       -1231.05	        1835.73	        -38.928	        1791.35	        1356.18
	       -50.9887	           69.8	        712.128	        1799.89	        21.3894	        953.771	       -830.542	        1281.54	       -28.8164	        1356.18	        1180.51
invIMIS 13
	        212.292	        1.21735	        277.791	        349.497	        14.6326	        1299.02	       -527.985	        360.785	       -25.9355	        241.768	         117.46
	        1.21735	        47.0316	        467.619	        720.378	        95.3215	        5.72841	        133.233	        439.036	        1.06777	        345.715	         276.36
	        277.791	        467.619	        10568.2	        13303.8	        1181.75	       -2632.04	        1697.32	        5873.44	       -31.1158	        4723.73	        3465.52
	        349.497	        720.378	        13303.8	        18626.3	        1948.56	       -2028.81	        1847.02	        9280.74	       -52.9277	        7401.03	        5643.99
	        14.6326	        95.3215	        1181.75	        1948.56	        3813.71	          -2571	        3845.91	        578.286	        29.2874	        457.301	        686.249
	        1299.02	        5.72841	       -2632.04	       -2028.81	          -2571	        23402.9	       -9536.14	        3537.47	       -200.054	        2378.48	         1086.5
	       -527.985	        133.233	        1697.32	        1847.02	        3845.91	       -9536.14	        9526.48	       -1115.57	        118.279	       -760.619	         -395.4
	        360.785	        439.036	        5873.44	        9280.74	        578.286	        3537.47	       -1115.57	         6437.1	       -73.6016	        4883.12	        3706.79
	       -25.9355	        1.06777	       -31.1158	       -52.9277	        29.2874	       -200.054	        118.279	       -73.6016	        16.2295	       -50.5219	       -36.9553
	        241.768	        345.715	        4723.73	        7401.03	        457.301	        2378.48	       -760.619	        4883.12	       -50.5219	        3888.82	        2978.68
	         117.46	         276.36	        3465.52	        5643.99	        686.249	         1086.5	         -395.4	        3706.79	       -36.9553	        2978.68	        2598.18
invIMIS 14
	        97.9484	        1.64009	        99.4549	        103.807	        1.18338	        361.812	       -191.649	         152.65	       -3.91507	        127.513	        61.7023
	        1.64009	        45.8816	         500.36	         756.97	        134.223	        263.206	        125.644	        479.689	        4.60897	        379.229	        304.408
	        99.4549	         500.36	        11649.8	          14264	        1803.22	       -2525.39	        4306.71	        6357.76	        67.0148	        5009.77	        3801.83
	        103.807	         756.97	          14264	        19721.7	        2154.96	       -62.9677	        4125.64	        9963.08	        90.2525	         7824.4	        6100.18
	        1.18338	        134.223	        1803.22	        2154.96	        3970.46	       -3063.71	        3777.85	        771.601	        30.2957	        629.446	        1032.83
	        361.812	        263.206	       -2525.39	       -62.9677	       -3063.71	        20134.5	       -10332.7	        4642.36	       -156.207	        4024.39	        2573.61
	       -191.649	        125.644	        4306.71	        4125.64	        3777.85	       -10332.7	        9904.73	       -436.475	        100.699	       -566.889	       -22.3066
	         152.65	        479.689	        6357.76	        9963.08	        771.601	        4642.36	       -436.475	        6885.67	        20.9054	         5412.9	        4190.81
	       -3.91507	        4.60897	        67.0148	        90.2525	        30.2957	       -156.207	        100.699	        20.9054	        7.86383	        15.5503	        21.3808
	        127.513	        379.229	        5009.77	         7824.4	        629.446	        4024.39	       -566.889	         5412.9	        15.5503	        4383.39	        3399.01
	        61.7023	        304.408	        3801.83	        6100.18	        1032.83	        2573.61	       -22.3066	        4190.81	        21.3808	        3399.01	        2971.94
invIMIS 15
	        63.5322	      0.0830943	        66.0034	        63.1343	        38.1177	        280.126	       -127.994	        88.6687	       -7.78064	        92.4402	        28.4844
	      0.0830943	        24.3859	        103.513	        192.415	        65.0469	        365.067	       -24.6633	        186.342	       0.584626	        157.239	        132.834
	        66.0034	        103.513	        5988.87	        5380.73	         1018.3	       -5051.75	         3023.5	        1119.52	        10.1176	        833.885	        740.726
	        63.1343	        192.415	        5380.73	        6583.39	          906.8	       -950.264	        1193.03	        2856.09	        -4.0119	        2267.88	        1945.43
	        38.1177	        65.0469	         1018.3	          906.8	        3850.02	       -3057.17	         3266.4	       -27.7202	       -20.8023	       -31.4976	        315.156
	        280.126	        365.067	       -5051.75	       -950.264	       -3057.17	        26038.4	       -11630.5	        5529.92	       -36.0643	        4779.33	        3546.48
	       -127.994	       -24.6633	         3023.5	        1193.03	         3266.4	       -11630.5	        8610.27	       -2274.06	        6.32837	       -2106.56	       -1170.32
	        88.6687	        186.342	        1119.52	        2856.09	       -27.7202	        5529.92	       -2274.06	        3337.14	       -16.4816	        2730.35	        2095.28
	       -7.78064	       0.584626	        10.1176	        -4.0119	       -20.8023	       -36.0643	        6.32837	       -16.4816	         5.5186	       -10.3139	       -4.10035
	        92.4402	        157.239	        833.885	        2267.88	       -31.4976	        4779.33	       -2106.56	        2730.35	       -10.3139	        2353.81	        1770.76
	        28.4844	        132.834	        740.726	        1945.43	        315.156	        3546.48	       -1170.32	        2095.28	       -4.10035	        1770.76	        1558.05
invIMIS 16
	        29.9771	        6.49087	        61.1383	        63.2689	        2.02634	        255.796	       -144.942	        51.8187	       -3.40599	        74.6176	        32.9618
	        6.49087	         31.991	        177.278	        290.176	         147.59	        399.459	        19.5741	        258.566	        -4.7057	        214.941	        173.771
	        61.1383	        177.278	        8421.73	        8054.19	        1046.19	       -6522.81	        4925.85	        2133.63	       -14.9136	        1405.47	        956.252
	        63.2689	        290.176	        8054.19	        10092.4	         1533.6	       -3011.72	        2962.71	        4179.07	       -62.9382	        3184.85	        2475.71
	        2.02634	         147.59	        1046.19	         1533.6	        4052.86	        -458.93	        1984.67	        851.481	       -39.0427	        805.069	        624.538
	        255.796	        399.459	       -6522.81	       -3011.72	        -458.93	        27393.1	       -13219.2	        4470.34	       -123.967	        4515.72	        3825.64
	       -144.942	        19.5741	        4925.85	        2962.71	        1984.67	       -13219.2	        11155.2	       -1569.54	        8.28404	        -1832.1	       -1580.73
	        51.8187	        258.566	        2133.63	        4179.07	        851.481	        4470.34	       -1569.54	        3737.71	       -50.8904	        3115.97	        2561.32
	       -3.40599	        -4.7057	       -14.9136	       -62.9382	       -39.0427	       -123.967	        8.28404	       -50.8904	        10.4507	       -42.3701	       -34.0497
	        74.6176	        214.941	        1405.47	        3184.85	        805.069	        4515.72	        -1832.1	        3115.97	       -42.3701	        2783.21	        2249.13
	        32.9618	        173.771	        956.252	        2475.71	        624.538	        3825.64	       -1580.73	        2561.32	       -34.0497	        2249.13	        1901.31
invIMIS 17
	        51.4906	         12.345	        177.494	        275.396	        100.324	        269.052	       -147.092	        210.673	       0.385296	        195.677	        153.157
	         12.345	        55.3354	        620.194	        890.454	        179.592	        322.282	        144.624	        532.822	       -2.99283	        414.687	        340.563
	        177.494	        620.194	        14663.1	        17876.9	        2492.26	       -4265.35	        4653.74	        8680.12	       -58.3573	        7057.59	        5708.24
	        275.396	        890.454	        17876.9	        24264.2	        4353.24	       -2270.49	        5006.21	        12266.6	       -106.017	         9996.5	        8060.28
	        100.324	        179.592	        2492.26	        4353.24	        3621.91	        330.676	        718.064	        2550.75	       -27.1075	        2113.33	        1826.48
	        269.052	        322.282	       -4265.35	       -2270.49	        330.676	        21798.3	       -8811.53	        2251.67	       -14.7401	        2303.92	        1477.65
	       -147.092	        144.624	        4653.74	        5006.21	        718.064	       -8811.53	        8344.13	        1277.52	       -19.5885	        626.786	        940.326
	        210.673	        532.822	        8680.12	        12266.6	        2550.75	        2251.67	        1277.52	        7197.02	       -41.7137	        5858.55	        4554.62
	       0.385296	       -2.99283	       -58.3573	       -106.017	       -27.1075	       -14.7401	       -19.5885	       -41.7137	        6.69763	       -35.1547	       -34.8795
	        195.677	        414.687	        7057.59	         9996.5	        2113.33	        2303.92	        626.786	        5858.55	       -35.1547	        4954.35	        3827.61
	        153.157	        340.563	        5708.24	        8060.28	        1826.48	        1477.65	        940.326	        4554.62	       -34.8795	        3827.61	        3139.54
