cholIMIS 0
	              0	              0	              0	              0	              0	              0	              0	              0	              0	              0	              0
	              0	              0	              0	              0	              0	              0	              0	              0	              0	              0	              0
	              0	              0	              0	              0	              0	              0	              0	              0	              0	              0	              0
	              0	              0	              0	              0	              0	              0	              0	              0	              0	              0	              0
	              0	              0	              0	              0	              0	              0	              0	              0	              0	              0	              0
	              0	              0	              0	              0	              0	              0	              0	              0	              0	              0	              0
	              0	              0	              0	              0	              0	              0	              0	              0	              0	              0	              0
	              0	              0	              0	              0	              0	              0	              0	              0	              0	              0	              0
	              0	              0	              0	              0	              0	              0	              0	              0	              0	              0	              0
	              0	              0	              0	              0	              0	              0	              0	              0	              0	              0	              0
	              0	              0	              0	              0	              0	              0	              0	              0	              0	              0	              0
cholIMIS 1
	       0.370425	      0.0109201	     0.00084692	     0.00470484	    -0.00674542	   -0.000295534	    -0.00846035	     -0.0166181	        0.13799	      0.0370972	      0.0405284
	              0	       0.741666	     -0.0201848	    -0.00493884	    -0.00323181	      0.0011318	    -0.00478427	    -0.00332199	      0.0440365	      0.0224986	     0.00721083
	              0	              0	       0.235363	     -0.0178988	      0.0044324	     0.00403495	     0.00152751	       0.016393	     -0.0200883	     -0.0183678	     -0.0127551
	              0	              0	              0	       0.219054	   -0.000552477	    2.55056e-05	     0.00188918	    -0.00424864	     -0.0459424	    -0.00682046	     -0.0064117
	              0	              0	              0	              0	      0.0610866	     0.00637355	      0.0110708	      0.0473306	      -0.127394	     -0.0625249	     -0.0674441
	              0	              0	              0	              0	              0	      0.0820103	   -0.000780993	     0.00627116	     -0.0670859	     -0.0115383	     -0.0048147
	              0	              0	              0	              0	              0	              0	      0.0587079	      0.0486772	      -0.149789	     -0.0526541	     -0.0596898
	              0	              0	              0	              0	              0	              0	              0	       0.260646	      -0.101091	     -0.0616969	     -0.0442018
	              0	              0	              0	              0	              0	              0	              0	              0	       0.808276	      0.0489494	      0.0491449
	              0	              0	              0	              0	              0	              0	              0	              0	              0	       0.289936	      0.0399964
	              0	              0	              0	              0	              0	              0	              0	              0	              0	              0	       0.229486
cholIMIS 2
	       0.555719	        1.29187	     -0.0644997	      0.0289945	     -0.0151197	     -0.0550339	     -0.0784998	      0.0130627	       0.177476	       0.105511	     -0.0771895
	              0	        1.02101	     -0.0274571	      0.0126954	    -0.00537225	     -0.0267062	     -0.0381455	     0.00303885	       0.114625	      0.0509807	     -0.0562514
	              0	              0	       0.183873	     0.00521495	     0.00214307	     0.00920142	     0.00533601	     -0.0010366	     -0.0528909	    -0.00658419	    0.000630406
	              0	              0	              0	       0.152978	    0.000564344	   -0.000361013	    -0.00221323	     -0.0100418	      0.0283436	    -0.00723491	    0.000526916
	              0	              0	              0	              0	      0.0434337	     0.00267556	      0.0029643	    -0.00886138	     -0.0534277	     -0.0063303	     -0.0164068
	              0	              0	              0	              0	              0	      0.0649367	      0.0150518	      0.0077031	     -0.0874665	     -0.0441693	     0.00272555
	              0	              0	              0	              0	              0	              0	      0.0569194	      0.0645898	      -0.205806	     -0.0803437	      0.0120506
	              0	              0	              0	              0	              0	              0	              0	       0.201165	      -0.125014	     -0.0455711	   -0.000197939
	              0	              0	              0	              0	              0	              0	              0	              0	       0.644791	      0.0314875	      0.0275491
	              0	              0	              0	              0	              0	              0	              0	              0	              0	       0.222757	    -0.00803976
	              0	              0	              0	              0	              0	              0	              0	              0	              0	              0	        0.18021
cholIMIS 3
	       0.481846	       0.604581	     -0.0347459	      0.0357746	    -0.00716925	    -0.00341923	     0.00415794	     -0.0701171	      -0.201368	       0.051936	      0.0172728
	              0	       0.994442	     0.00348663	    -0.00366365	     0.00329478	     -0.0152555	     -0.0525194	      0.0594039	       0.432191	     -0.0860549	   -0.000340471
	              0	              0	       0.107356	    -0.00351298	     0.00438405	     0.00485593	    0.000132152	     0.00320751	    -0.00358605	    -0.00381765	    -0.00418382
	              0	              0	              0	      0.0969781	    -0.00473378	      0.0110258	     0.00866762	     -0.0273168	       0.128443	     -0.0567268	      0.0500369
	              0	              0	              0	              0	      0.0263234	    -0.00539908	    -0.00495714	      0.0318791	      -0.146643	     0.00241007	     -0.0418912
	              0	              0	              0	              0	              0	      0.0453881	      0.0211928	     -0.0390713	       0.109391	     -0.0721496	      0.0683763
	              0	              0	              0	              0	              0	              0	      0.0402051	     -0.0240517	      -0.134467	     -0.0195962	      0.0334131
	              0	              0	              0	              0	              0	              0	              0	       0.147447	      -0.157116	     -0.0468635	     -0.0241881
	              0	              0	              0	              0	              0	              0	              0	              0	       0.481021	     -0.0491968	      0.0581961
	              0	              0	              0	              0	              0	              0	              0	              0	              0	       0.164552	      -0.033764
	              0	              0	              0	              0	              0	              0	              0	              0	              0	              0	       0.111068
cholIMIS 4
	       0.277204	       0.313042	     -0.0182125	     0.00714388	    -0.00843177	    -0.00942992	     0.00799281	    -0.00977772	      -0.332921	      0.0503471	     -0.0174229
	              0	       0.464841	     0.00546243	    -0.00236766	    -0.00166212	   -0.000789279	      0.0045888	      -0.036327	      0.0966099	      0.0147591	     0.00275064
	              0	              0	      0.0762195	    -0.00341768	   -0.000134551	    0.000435369	   -0.000336329	     -0.0151084	      0.0588544	      0.0156292	    -0.00624997
	              0	              0	              0	      0.0731658	     0.00243206	     0.00398525	     0.00362749	      -0.016672	      0.0140112	     -0.0421164	      0.0138834
	              0	              0	              0	              0	      0.0223041	     0.00358576	     0.00192065	     -0.0222866	     0.00178362	      0.0077928	    -0.00655919
	              0	              0	              0	              0	              0	      0.0303785	      0.0106548	     -0.0291989	       0.134619	       -0.03702	      0.0386858
	              0	              0	              0	              0	              0	              0	      0.0307393	     -0.0258484	     0.00987496	     -0.0409046	      0.0642556
	              0	              0	              0	              0	              0	              0	              0	       0.105458	      -0.142012	      -0.030071	     -0.0223252
	              0	              0	              0	              0	              0	              0	              0	              0	       0.477011	     -0.0314437	      0.0396277
	              0	              0	              0	              0	              0	              0	              0	              0	              0	       0.131321	     -0.0419972
	              0	              0	              0	              0	              0	              0	              0	              0	              0	              0	       0.100177
cholIMIS 5
	        0.33624	       0.378762	   -0.000595567	     -0.0365837	     -0.0159063	     -0.0257467	      0.0123161	      0.0814827	       0.108376	     -0.0116265	     -0.0359895
	              0	       0.331549	     0.00795185	      -0.012831	     0.00930986	    -0.00373985	     0.00017686	     -0.0119478	      -0.114569	      0.0298425	     -0.0255823
	              0	              0	      0.0522375	     -0.0192798	     0.00198499	    -0.00121818	    -0.00609753	    -0.00410247	      0.0836294	      0.0169542	     -0.0255249
	              0	              0	              0	      0.0463011	    -0.00216071	      0.0092551	     0.00650399	     -0.0452862	      -0.151862	    -0.00301112	      0.0195731
	              0	              0	              0	              0	      0.0283434	    -0.00554648	     -0.0089027	     -0.0026933	      -0.179315	     0.00865951	     -0.0204081
	              0	              0	              0	              0	              0	       0.024261	      0.0188462	     -0.0744171	     -0.0669809	      0.0252319	      0.0398495
	              0	              0	              0	              0	              0	              0	      0.0242011	     -0.0160551	     -0.0868509	    -0.00582981	      0.0388751
	              0	              0	              0	              0	              0	              0	              0	      0.0819742	       0.238133	     -0.0561093	      -0.013314
	              0	              0	              0	              0	              0	              0	              0	              0	         0.5774	     -0.0242975	     0.00932326
	              0	              0	              0	              0	              0	              0	              0	              0	              0	      0.0733429	      -0.033545
	              0	              0	              0	              0	              0	              0	              0	              0	              0	              0	       0.058949
cholIMIS 6
	       0.227805	       0.130454	    -0.00621536	    0.000209585	     -0.0094708	    -0.00472633	      0.0074296	     -0.0155885	     -0.0388083	     -0.0288208	      0.0624919
	              0	       0.615564	    -0.00279999	     -0.0073636	      0.0175547	     0.00223428	      0.0139927	     -0.0105877	      -0.357444	    -0.00110657	     0.00730682
	              0	              0	       0.055684	     -0.0381577	     -0.0122865	    -0.00120967	    -0.00328132	     -0.0304987	    -0.00934109	      0.0417005	      0.0267535
	              0	              0	              0	       0.041976	   -1.93904e-05	     0.00815729	     0.00285517	     -0.0273866	       0.134128	     -0.0037644	     -0.0290254
	              0	              0	              0	              0	      0.0234609	     -0.0031397	    -0.00512693	      0.0228189	      -0.194528	     -0.0102581	     -0.0334991
	              0	              0	              0	              0	              0	      0.0178124	      0.0150651	     -0.0552948	     0.00302054	      0.0197007	      0.0251343
	              0	              0	              0	              0	              0	              0	      0.0178388	     -0.0240629	     -0.0786254	     0.00503344	      0.0371967
	              0	              0	              0	              0	              0	              0	              0	      0.0740147	      0.0815582	     -0.0325738	     -0.0445598
	              0	              0	              0	              0	              0	              0	              0	              0	       0.420898	     0.00268914	     -0.0270805
	              0	              0	              0	              0	              0	              0	              0	              0	              0	       0.087345	     -0.0866898
	              0	              0	              0	              0	              0	              0	              0	              0	              0	              0	      0.0675864
cholIMIS 7
	       0.402205	        0.38128	     -0.0361844	      0.0253118	      0.0387434	     -0.0103566	     0.00942698	      0.0317007	      0.0979916	    -0.00397229	     -0.0563501
	              0	       0.384382	    -0.00913737	     0.00780675	     0.00814404	     0.00140803	     0.00478874	    -0.00597076	     -0.0631345	    -0.00653983	     0.00111753
	              0	              0	      0.0463733	     -0.0245152	     -0.0055009	   -0.000776816	   -0.000645019	    -0.00920947	      -0.030475	      0.0208177	       0.010192
	              0	              0	              0	      0.0450651	    -0.00408793	     0.00531939	    3.20145e-05	     -0.0284039	        0.13811	     -0.0141542	    -0.00084203
	              0	              0	              0	              0	      0.0345621	    -0.00205004	    -0.00141743	      0.0412216	       -0.10332	    -0.00243174	     -0.0599334
	              0	              0	              0	              0	              0	      0.0174373	      0.0121926	     -0.0383745	     -0.0607324	    -0.00992028	      0.0437384
	              0	              0	              0	              0	              0	              0	      0.0203804	     -0.0180884	      -0.154482	     0.00762266	      0.0295508
	              0	              0	              0	              0	              0	              0	              0	      0.0710477	      0.0673023	     -0.0321497	     -0.0248718
	              0	              0	              0	              0	              0	              0	              0	              0	       0.426454	      0.0183083	     -0.0454354
	              0	              0	              0	              0	              0	              0	              0	              0	              0	      0.0855188	     -0.0671235
	              0	              0	              0	              0	              0	              0	              0	              0	              0	              0	      0.0700602
cholIMIS 8
	       0.275584	        0.14736	    -0.00496376	     -0.0144249	      0.0111685	     -0.0162121	    -0.00921889	      0.0723615	      -0.242412	     -0.0492276	     -0.0132798
	              0	       0.622823	    -0.00105759	     0.00322833	     -0.0177891	      0.0025022	      0.0120681	     -0.0255511	      0.0540336	     0.00513022	      0.0112521
	              0	              0	      0.0476936	     -0.0333137	    0.000112045	    -0.00696273	    -0.00419877	      0.0442119	      0.0525068	     0.00154647	     -0.0186292
	              0	              0	              0	      0.0553103	    0.000452646	      0.0124112	     0.00444303	     -0.0808487	       0.068156	    -0.00480869	      0.0370737
	              0	              0	              0	              0	      0.0296028	    -0.00355962	     -0.0106309	       0.025381	      -0.219582	     -0.0404781	    0.000132136
	              0	              0	              0	              0	              0	      0.0229714	      0.0181568	     -0.0548216	      -0.134043	     0.00256552	       0.037658
	              0	              0	              0	              0	              0	              0	      0.0222585	     -0.0141358	      -0.184562	      0.0081517	      0.0247506
	              0	              0	              0	              0	              0	              0	              0	       0.089848	      -0.190048	     -0.0598451	      -0.017438
	              0	              0	              0	              0	              0	              0	              0	              0	       0.565438	     -0.0101856	     0.00863424
	              0	              0	              0	              0	              0	              0	              0	              0	              0	        0.10107	     -0.0670998
	              0	              0	              0	              0	              0	              0	              0	              0	              0	              0	      0.0694574
cholIMIS 9
	       0.217572	      -0.137759	   -0.000267506	     0.00406452	      0.0148506	    -0.00689077	    -0.00213596	     -0.0412641	      0.0270914	      -0.017118	      0.0448103
	              0	       0.656548	    -0.00786172	    -0.00645936	     -0.0129672	   -0.000671637	     0.00996817	      0.0587373	      -0.136935	    -0.00445893	     -0.0383407
	              0	              0	      0.0411641	     -0.0320246	    -0.00661078	    -0.00348578	    -0.00404445	      0.0229423	      0.0511914	     -0.0152909	     0.00925679
	              0	              0	              0	      0.0454071	     0.00602302	      0.0124104	     0.00619719	     -0.0966735	      0.0862164	     -0.0273252	      0.0603059
	              0	              0	              0	              0	      0.0354968	     0.00131719	    -0.00505039	    -0.00878796	       -0.22739	     -0.0156455	      0.0141877
	              0	              0	              0	              0	              0	      0.0173494	      0.0178495	     -0.0451058	      0.0714045	     -0.0114841	      0.0399713
	              0	              0	              0	              0	              0	              0	       0.019158	     -0.0180918	      0.0175235	      0.0119779	      0.0210998
	              0	              0	              0	              0	              0	              0	              0	      0.0864078	     -0.0597092	     -0.0240064	     -0.0607894
	              0	              0	              0	              0	              0	              0	              0	              0	       0.620859	     0.00279849	    -0.00971887
	              0	              0	              0	              0	              0	              0	              0	              0	              0	       0.108461	     -0.0905632
	              0	              0	              0	              0	              0	              0	              0	              0	              0	              0	      0.0597544
cholIMIS 10
	       0.282234	       0.212172	     -0.0255614	      0.0107451	    -0.00701336	     -0.0164982	    -0.00261818	      0.0341777	      -0.249262	     0.00251604	     -0.0116047
	              0	       0.486801	     0.00213452	    -0.00370911	    -0.00685899	     -0.0012195	      0.0118226	      -0.013824	       0.168297	      0.0267717	     -0.0172807
	              0	              0	      0.0610971	     -0.0326301	    0.000831526	   -4.99644e-05	    -0.00427336	      -0.018672	       0.154793	      0.0492254	      -0.024478
	              0	              0	              0	      0.0570745	     0.00012432	     0.00594489	    -0.00443977	     -0.0352095	     -0.0631749	     -0.0160832	     0.00481175
	              0	              0	              0	              0	      0.0263246	    0.000709446	    -0.00217515	     0.00320061	     -0.0973413	     0.00100653	     -0.0233514
	              0	              0	              0	              0	              0	      0.0243225	      0.0207641	     -0.0471399	       0.106015	     -0.0334156	      0.0598556
	              0	              0	              0	              0	              0	              0	      0.0318593	      0.0194351	      0.0458206	     -0.0607073	      0.0509574
	              0	              0	              0	              0	              0	              0	              0	      0.0983843	      -0.118921	     -0.0525818	     -0.0246545
	              0	              0	              0	              0	              0	              0	              0	              0	       0.446386	     -0.0269931	      0.0306299
	              0	              0	              0	              0	              0	              0	              0	              0	              0	       0.112698	     -0.0669574
	              0	              0	              0	              0	              0	              0	              0	              0	              0	              0	      0.0809566
cholIMIS 11
	       0.192029	      0.0962484	     -0.0256068	      0.0168415	     0.00193928	    -0.00368294	     0.00964406	     -0.0123844	      -0.142032	     -0.0133483	      0.0332099
	              0	       0.475861	      0.0169811	     -0.0164694	    -0.00911662	    -0.00211873	   -0.000653401	     -0.0224199	    -0.00665793	       0.058461	     -0.0371974
	              0	              0	      0.0685669	     -0.0542071	    -0.00591247	    -0.00984734	      -0.018849	      0.0209583	     -0.0525837	      0.0289234	     -0.0487842
	              0	              0	              0	      0.0404923	    0.000990742	     0.00884977	     0.00411153	     -0.0446714	     -0.0095056	      -0.021745	      0.0289906
	              0	              0	              0	              0	      0.0246783	    0.000993716	    -0.00123118	     -0.0134078	     -0.0506861	      0.0219524	     -0.0151934
	              0	              0	              0	              0	              0	      0.0223315	      0.0231431	     -0.0371743	       0.145637	      0.0139832	      0.0118492
	              0	              0	              0	              0	              0	              0	      0.0200967	      0.0137163	      0.0814187	     -0.0183223	      0.0193739
	              0	              0	              0	              0	              0	              0	              0	      0.0889862	    -0.00722019	     -0.0556831	     -0.0292434
	              0	              0	              0	              0	              0	              0	              0	              0	       0.427225	     -0.0431945	      0.0579424
	              0	              0	              0	              0	              0	              0	              0	              0	              0	       0.120764	     -0.0957867
	              0	              0	              0	              0	              0	              0	              0	              0	              0	              0	      0.0568715
cholIMIS 12
	       0.241142	      0.0937035	     -0.0332277	      0.0209726	    -0.00294627	    -0.00999866	     0.00686133	      0.0210101	      -0.127842	     -0.0316054	      0.0211526
	              0	       0.516042	     0.00671515	     -0.0201301	     -0.0191908	    -0.00264882	     0.00658069	      0.0631042	      0.0320616	      0.0277158	      -0.080986
	              0	              0	      0.0432385	     -0.0345842	   -0.000955085	     -0.0044875	    -0.00905466	      0.0154029	    -0.00295121	     0.00262684	     -0.0110412
	              0	              0	              0	      0.0351099	     0.00571921	     0.00176495	      -0.011659	     -0.0748322	     0.00552531	     -0.0145375	      0.0605536
	              0	              0	              0	              0	      0.0314801	     0.00124475	    -0.00323754	     -0.0635264	      -0.136112	      0.0788106	       -0.02241
	              0	              0	              0	              0	              0	      0.0242308	      0.0361174	     -0.0131939	      0.0458637	      0.0396473	     -0.0356777
	              0	              0	              0	              0	              0	              0	      0.0203103	     0.00955505	     0.00937403	      0.0201855	     -0.0162909
	              0	              0	              0	              0	              0	              0	              0	       0.107532	      0.0165141	     -0.0622607	     -0.0569544
	              0	              0	              0	              0	              0	              0	              0	              0	       0.369866	     -0.0206675	      0.0253458
	              0	              0	              0	              0	              0	              0	              0	              0	              0	       0.105109	     -0.0911686
	              0	              0	              0	              0	              0	              0	              0	              0	              0	              0	      0.0471909
cholIMIS 13
	       0.212213	      0.0505594	    -0.00216401	      -0.010973	     -0.0153558	     -0.0100993	    0.000117081	     0.00969422	      -0.165041	     0.00929373	      0.0167477
	              0	       0.516216	     -0.0189069	      0.0188871	      0.0121563	     0.00351567	      0.0144179	     0.00910686	     0.00344968	     -0.0265872	     -0.0351018
	              0	              0	      0.0578709	      -0.036741	     0.00322713	     0.00273848	    -0.00143048	     -0.0272386	       0.141835	       0.048405	     -0.0135067
	              0	              0	              0	      0.0466445	     0.00391219	     0.00852723	    -0.00244675	     -0.0322349	     -0.0626933	     -0.0514698	       0.024151
	              0	              0	              0	              0	      0.0271442	     0.00581442	     0.00643298	    -0.00924875	      0.0670904	    -0.00552839	     -0.0186885
	              0	              0	              0	              0	              0	      0.0199148	     0.00863809	     -0.0407088	      0.0155215	     -0.0203514	       0.040208
	              0	              0	              0	              0	              0	              0	      0.0254325	      0.0162646	     -0.0366559	     -0.0156092	     0.00814105
	              0	              0	              0	              0	              0	              0	              0	      0.0837914	     -0.0471465	     -0.0511262	     -0.0259776
	              0	              0	              0	              0	              0	              0	              0	              0	       0.460924	     0.00969839	     -0.0074917
	              0	              0	              0	              0	              0	              0	              0	              0	              0	       0.109542	     -0.0736718
	              0	              0	              0	              0	              0	              0	              0	              0	              0	              0	      0.0644486
cholIMIS 14
	       0.211053	      -0.153131	     -0.0125611	    -0.00309881	     -0.0274788	     -0.0118834	      0.0159277	      0.0210145	      -0.190928	     -0.0308842	      0.0675997
	              0	       0.652719	     0.00431086	     -0.0166236	     0.00462398	   -0.000865955	     -0.0215634	     0.00484408	     -0.0343173	        0.02992	     -0.0601842
	              0	              0	      0.0461222	     -0.0349056	   -0.000340053	    -0.00417493	     -0.0147491	    0.000408216	      0.0577851	      0.0603617	     -0.0440966
	              0	              0	              0	      0.0398421	     0.00343487	     0.00716025	      0.0093129	     -0.0280371	     -0.0290713	     -0.0392768	      0.0260553
	              0	              0	              0	              0	      0.0258227	     0.00296784	     0.00212368	     0.00313836	      -0.010762	     0.00114621	     -0.0308024
	              0	              0	              0	              0	              0	      0.0159515	      0.0160542	     -0.0196445	      0.0314133	    -0.00717499	      0.0145553
	              0	              0	              0	              0	              0	              0	      0.0268665	      0.0072958	      0.0515255	     -0.0223805	      0.0167908
	              0	              0	              0	              0	              0	              0	              0	      0.0637859	      -0.050182	     -0.0265309	     -0.0217763
	              0	              0	              0	              0	              0	              0	              0	              0	       0.290938	     0.00242513	   -0.000494445
	              0	              0	              0	              0	              0	              0	              0	              0	              0	      0.0832071	     -0.0619794
	              0	              0	              0	              0	              0	              0	              0	              0	              0	              0	      0.0535601
cholIMIS 15
	       0.278674	       -0.33189	     0.00338007	     -0.0128193	     -0.0182919	     -0.0107956	     -0.0149729	      0.0670666	     -0.0371665	     -0.0856557	      0.0742636
	              0	       0.512365	     0.00358493	     -0.0142252	   -0.000522918	    -0.00395137	   -0.000946321	     -0.0159376	      0.0287437	      0.0354898	     -0.0308832
	              0	              0	      0.0373189	     -0.0330394	    -0.00549284	     -0.0025962	     -0.0093918	      0.0130762	      0.0841567	      0.0358353	     -0.0369999
	              0	              0	              0	      0.0276035	     0.00351783	     0.00545599	     0.00159836	     -0.0265286	     -0.0356867	     -0.0183243	     0.00599631
	              0	              0	              0	              0	      0.0224677	     0.00326552	     0.00333185	     0.00507096	     0.00459489	     -0.0133606	    -0.00490524
	              0	              0	              0	              0	              0	      0.0144305	      0.0211608	      -0.025495	     0.00611066	     0.00559059	     0.00601919
	              0	              0	              0	              0	              0	              0	      0.0306953	    -0.00306042	      0.0432627	    -0.00703579	      0.0163576
	              0	              0	              0	              0	              0	              0	              0	      0.0584313	      0.0195104	     -0.0346342	     -0.0275906
	              0	              0	              0	              0	              0	              0	              0	              0	       0.265386	     -0.0124815	      0.0130902
	              0	              0	              0	              0	              0	              0	              0	              0	              0	      0.0716974	     -0.0684504
	              0	              0	              0	              0	              0	              0	              0	              0	              0	              0	      0.0422035
cholIMIS 16
	       0.308813	      -0.127458	     -0.0128573	     0.00250504	     -0.0163064	    0.000800879	   -0.000581717	      0.0184847	      -0.369308	      0.0331037	      -0.041113
	              0	       0.434857	     0.00404192	    -0.00623106	     0.00971003	     0.00305887	     0.00994617	    -0.00450013	     -0.0259731	     -0.0266923	    -0.00449808
	              0	              0	      0.0305652	     -0.0275287	     0.00633595	    -0.00209268	    -0.00132692	      0.0276293	       0.158725	     -0.0374817	      0.0180373
	              0	              0	              0	      0.0207033	     0.00203215	      0.0063956	     0.00179714	     -0.0235652	     -0.0754381	      0.0068216	     -0.0197485
	              0	              0	              0	              0	      0.0249769	     0.00415345	      0.0156574	      0.0169974	      0.0316363	     -0.0777176	      0.0448147
	              0	              0	              0	              0	              0	      0.0124925	      0.0138013	     -0.0159459	     -0.0491798	      0.0334055	     -0.0365319
	              0	              0	              0	              0	              0	              0	      0.0211769	     0.00401735	       0.021945	     -0.0369049	      0.0383068
	              0	              0	              0	              0	              0	              0	              0	       0.043423	      0.0502147	      -0.030951	     -0.0181297
	              0	              0	              0	              0	              0	              0	              0	              0	       0.233098	     -0.0259853	      0.0288985
	              0	              0	              0	              0	              0	              0	              0	              0	              0	      0.0789049	     -0.0844251
	              0	              0	              0	              0	              0	              0	              0	              0	              0	              0	      0.0311869
cholIMIS 17
	       0.286448	      0.0522797	     0.00941915	     -0.0326797	    0.000174282	     0.00170791	      0.0208735	      0.0649386	      0.0945568	     -0.0583448	     0.00129447
	              0	       0.360543	     0.00596799	    -0.00956539	     0.00472284	      0.0026635	     0.00574114	    -0.00115507	     -0.0367083	      0.0033631	     -0.0315398
	              0	              0	      0.0330695	     -0.0384057	   -0.000414401	    -0.00390976	    -0.00105095	      0.0345424	       0.344377	    -0.00464257	     -0.0136948
	              0	              0	              0	      0.0248229	    0.000830738	     0.00476871	    -0.00810083	     -0.0305033	      -0.253528	     0.00166383	    -0.00348419
	              0	              0	              0	              0	       0.021501	     0.00459567	      0.0084348	     0.00951474	      0.0138802	     -0.0313945	     0.00313618
	              0	              0	              0	              0	              0	      0.0148812	      0.0235179	     -0.0118891	      0.0972344	      0.0124325	     -0.0184049
	              0	              0	              0	              0	              0	              0	      0.0207663	     0.00392311	       0.101415	     -0.0234988	      0.0199448
	              0	              0	              0	              0	              0	              0	              0	      0.0438487	      0.0427264	     -0.0339554	     -0.0190383
	              0	              0	              0	              0	              0	              0	              0	              0	       0.374206	    -0.00204117	     0.00079532
	              0	              0	              0	              0	              0	              0	              0	              0	              0	      0.0760111	     -0.0815769
	              0	              0	              0	              0	              0	              0	              0	              0	              0	              0	       0.031846
cholIMIS 18
	       0.308896	      0.0505909	    -0.00313766	    -0.00427482	     -0.0118517	     -0.0146161	      -0.015912	      0.0337004	      -0.201523	      -0.055391	      0.0388595
	              0	        0.47416	    -0.00418575	     0.00228668	     0.00219391	    -0.00422901	     -0.0106494	     -0.0169688	      -0.166597	      0.0222767	     -0.0281378
	              0	              0	      0.0303816	     -0.0267409	   -0.000467301	    -0.00348571	    -0.00476982	      0.0232635	       0.126757	      0.0172217	     -0.0346801
	              0	              0	              0	      0.0318498	    -0.00495063	      0.0013961	     -0.0205678	     -0.0371156	       0.112749	     -0.0169754	      0.0258152
	              0	              0	              0	              0	      0.0180335	     0.00559114	      0.0179031	     0.00618504	      -0.139671	     -0.0300082	     0.00639832
	              0	              0	              0	              0	              0	      0.0137221	      0.0213792	    -0.00513768	     -0.0914654	     0.00617011	     -0.0222016
	              0	              0	              0	              0	              0	              0	      0.0264023	    -0.00143352	      -0.285364	     -0.0152652	      0.0242333
	              0	              0	              0	              0	              0	              0	              0	      0.0514483	        0.12962	    -0.00558552	      -0.051346
	              0	              0	              0	              0	              0	              0	              0	              0	        0.41185	     -0.0239047	      0.0248297
	              0	              0	              0	              0	              0	              0	              0	              0	              0	      0.0747722	     -0.0729606
	              0	              0	              0	              0	              0	              0	              0	              0	              0	              0	      0.0396178
