invIMIS 0
	              0	              0	              0	              0	              0	              0	              0	              0	              0	              0	              0
	              0	              0	              0	              0	              0	              0	              0	              0	              0	              0	              0
	              0	              0	              0	              0	              0	              0	              0	              0	              0	              0	              0
	              0	              0	              0	              0	              0	              0	              0	              0	              0	              0	              0
	              0	              0	              0	              0	              0	              0	              0	              0	              0	              0	              0
	              0	              0	              0	              0	              0	              0	              0	              0	              0	              0	              0
	              0	              0	              0	              0	              0	              0	              0	              0	              0	              0	              0
	              0	              0	              0	              0	              0	              0	              0	              0	              0	              0	              0
	              0	              0	              0	              0	              0	              0	              0	              0	              0	              0	              0
	              0	              0	              0	              0	              0	              0	              0	              0	              0	              0	              0
	              0	              0	              0	              0	              0	              0	              0	              0	              0	              0	              0
invIMIS 1
	        7.67569	      0.0121733	      -0.241606	       -0.41427	        2.28289	      -0.496823	        3.66619	      -0.161104	      -0.355291	      -0.401731	      -0.841856
	      0.0121733	        1.85346	       0.479555	       0.154288	          0.687	      -0.399433	        1.46734	      -0.123356	     -0.0490408	      -0.232121	       0.108004
	      -0.241606	       0.479555	        18.3671	        1.58502	       -3.55953	       -2.14583	      0.0198485	      -0.571072	     -0.0142168	       0.467995	       0.293146
	       -0.41427	       0.154288	        1.58502	         20.944	        1.62544	       0.153681	       -1.97202	       0.563194	       0.282002	       0.197174	       0.230647
	        2.28289	          0.687	       -3.55953	        1.62544	        299.849	       -13.1285	       -28.6535	       -5.29318	       0.895712	        5.70315	        12.2236
	      -0.496823	      -0.399433	       -2.14583	       0.153681	       -13.1285	        149.895	        7.01764	      -0.571415	         1.1876	       0.970731	      -0.117907
	        3.66619	        1.46734	      0.0198485	       -1.97202	       -28.6535	        7.01764	         320.01	        -7.9796	        2.34589	        4.99264	        12.5801
	      -0.161104	      -0.123356	      -0.571072	       0.563194	       -5.29318	      -0.571415	        -7.9796	        15.7488	       0.323944	        2.23102	        2.21386
	      -0.355291	     -0.0490408	     -0.0142168	       0.282002	       0.895712	         1.1876	        2.34589	       0.323944	        1.62653	      -0.583033	      -0.995901
	      -0.401731	      -0.232121	       0.467995	       0.197174	        5.70315	       0.970731	        4.99264	        2.23102	      -0.583033	        12.2572	       -2.61943
	      -0.841856	       0.108004	       0.293146	       0.230647	        12.2236	      -0.117907	        12.5801	        2.21386	      -0.995901	       -2.61943	        18.9884
invIMIS 2
	        9.67612	       -1.45286	       0.905384	       -1.00868	        6.32986	        4.99176	        16.1637	       -1.51309	       0.347882	      -0.170057	     -0.0264599
	       -1.45286	        1.54143	       0.299934	      -0.479535	        2.09116	        3.51449	        10.2138	      -0.982282	     -0.0141273	      0.0642642	        1.49395
	       0.905384	       0.299934	        30.4552	       -1.35073	       -4.61074	       -10.3424	       -5.35195	       0.809425	       0.441319	      -0.558382	      -0.309599
	       -1.00868	      -0.479535	       -1.35073	        43.0305	       -2.12953	       0.233005	        3.98948	        1.37749	      -0.335561	        1.70414	     -0.0106204
	        6.32986	        2.09116	       -4.61074	       -2.12953	        540.443	        -7.9693	       -18.9417	        8.35217	        2.18998	        1.08215	        10.6345
	        4.99176	        3.51449	       -10.3424	       0.233005	        -7.9693	         257.67	       -64.0801	        5.87572	        1.09641	        7.17819	      -0.168293
	        16.1637	        10.2138	       -5.35195	        3.98948	       -18.9417	       -64.0801	        384.292	       -19.5172	         6.4162	        20.0673	       -9.25763
	       -1.51309	      -0.982282	       0.809425	        1.37749	        8.35217	        5.87572	       -19.5172	        26.4264	        1.32699	         3.9332	      -0.569257
	       0.347882	     -0.0141273	       0.441319	      -0.335561	        2.18998	        1.09641	         6.4162	        1.32699	        2.51426	       -1.03358	       -1.36989
	      -0.170057	      0.0642642	      -0.558382	        1.70414	        1.08215	        7.17819	        20.0673	         3.9332	       -1.03358	        20.1929	        1.11136
	     -0.0264599	        1.49395	      -0.309599	     -0.0106204	        10.6345	      -0.168293	       -9.25763	      -0.569257	       -1.36989	        1.11136	        30.7923
invIMIS 3
	        16.6903	       -5.41369	         4.9249	       -10.3114	        22.7668	      -0.421489	       -18.5469	        8.65322	        4.55524	       -6.12638	       -4.20724
	       -5.41369	        3.26961	      -0.141702	       0.932605	       -5.18368	        3.02531	        25.5865	      -0.960087	       -1.14123	        3.30982	      -0.503468
	         4.9249	      -0.141702	        90.9586	        2.77896	       -60.9201	       -34.0374	        4.18513	       -1.10561	       -0.61399	      -0.779677	        2.45795
	       -10.3114	       0.932605	        2.77896	        123.952	         40.444	       -8.79924	        -10.273	        6.56149	        -1.5006	        12.0057	       -5.56519
	        22.7668	       -5.18368	       -60.9201	         40.444	        1630.36	       -16.0723	        72.9896	       -12.5254	        15.4296	        25.2844	         48.973
	      -0.421489	        3.02531	       -34.0374	       -8.79924	       -16.0723	        749.071	       -252.517	        26.6037	       -6.93681	         38.304	       -30.0291
	       -18.5469	        25.5865	        4.18513	        -10.273	        72.9896	       -252.517	        826.876	        53.0856	        29.3493	        23.5611	        -80.423
	        8.65322	      -0.960087	       -1.10561	        6.56149	       -12.5254	        26.6037	        53.0856	        58.8523	        5.22274	        17.8037	        9.94687
	        4.55524	       -1.14123	       -0.61399	        -1.5006	        15.4296	       -6.93681	        29.3493	        5.22274	        5.51879	        2.11386	       -8.10623
	       -6.12638	        3.30982	      -0.779677	        12.0057	        25.2844	         38.304	        23.5611	        17.8037	        2.11386	        40.3441	        16.6332
	       -4.20724	      -0.503468	        2.45795	       -5.56519	         48.973	       -30.0291	        -80.423	        9.94687	       -8.10623	        16.6332	        81.0634
invIMIS 4
	        31.0165	       -5.42482	        10.8647	       -10.5293	        59.6906	        17.2798	       -32.8195	         3.1529	        5.21597	       -7.44066	       -2.94841
	       -5.42482	        5.44912	      0.0555849	        1.07449	        13.4271	        10.1337	       -13.2228	        5.92862	      -0.743277	      -0.638675	        2.95895
	        10.8647	      0.0555849	        179.884	        6.76778	        20.8995	        3.36088	       -10.9129	        14.6195	        -3.3149	       -5.60701	        10.5941
	       -10.5293	        1.07449	        6.76778	         211.89	       -48.6831	       -14.5158	        13.9898	        26.1668	        2.29446	        34.4671	        10.4938
	        59.6906	        13.4271	        20.8995	       -48.6831	        2142.46	       -144.283	       -60.2774	        90.1545	        3.59537	        2.69085	        51.2137
	        17.2798	        10.1337	        3.36088	       -14.5158	       -144.283	         1336.2	       -282.153	        57.6821	       -13.0037	        45.1733	        11.3668
	       -32.8195	       -13.2228	       -10.9129	        13.9898	       -60.2774	       -282.153	        1490.22	        83.6923	        18.7935	        47.6285	       -145.522
	         3.1529	        5.92862	        14.6195	        26.1668	        90.1545	        57.6821	        83.6923	         110.79	        5.99202	        28.6739	        21.8631
	        5.21597	      -0.743277	        -3.3149	        2.29446	        3.59537	       -13.0037	        18.7935	        5.99202	        5.02978	        1.84677	       -6.17753
	       -7.44066	      -0.638675	       -5.60701	        34.4671	        2.69085	        45.1733	        47.6285	        28.6739	        1.84677	        68.1781	        31.8676
	       -2.94841	        2.95895	        10.5941	        10.4938	        51.2137	        11.3668	       -145.522	        21.8631	       -6.17753	        31.8676	         99.647
invIMIS 5
	        47.9862	       -9.81036	        5.88473	        16.6118	        104.487	        186.987	       -139.555	      -0.519718	       0.212702	         6.0654	        15.2535
	       -9.81036	        12.3039	       0.963129	        14.3512	       -26.1874	        38.0867	       -42.5334	        9.09441	       0.110117	      -0.406782	         14.054
	        5.88473	       0.963129	        501.699	        219.544	        30.4273	        -50.264	        90.6596	        98.4009	       -3.88669	        33.1981	         87.538
	        16.6118	        14.3512	        219.544	        651.617	        132.697	       -202.629	        106.468	        136.855	        10.8114	        142.088	        59.4765
	        104.487	       -26.1874	        30.4273	        132.697	        1574.91	        341.146	         314.88	        148.769	        17.9389	        97.0331	        92.3294
	        186.987	        38.0867	        -50.264	       -202.629	        341.146	        3888.22	       -1161.36	        497.658	       -20.4925	        69.2462	         67.448
	       -139.555	       -42.5334	        90.6596	        106.468	         314.88	       -1161.36	        2287.61	        6.38665	        9.91887	       -12.5326	       -338.297
	      -0.519718	        9.09441	        98.4009	        136.855	        148.769	        497.658	        6.38665	        295.508	       -3.89905	        165.916	        134.237
	       0.212702	       0.110117	       -3.88669	        10.8114	        17.9389	       -20.4925	        9.91887	       -3.89905	        3.33144	        8.23086	       0.891974
	         6.0654	      -0.406782	        33.1981	        142.088	        97.0331	        69.2462	       -12.5326	        165.916	        8.23086	          246.1	        131.618
	        15.2535	         14.054	         87.538	        59.4765	        92.3294	         67.448	       -338.297	        134.237	       0.891974	        131.618	        287.771
invIMIS 6
	        37.1051	       -3.21361	        23.1218	       -9.02527	        127.383	        203.464	       -75.6743	        25.7689	       0.920717	        24.2451	        5.89386
	       -3.21361	        6.30478	       -8.51739	        11.4732	       -40.8461	        22.4251	       -67.9487	        4.30801	        1.59903	        6.54321	        6.33709
	        23.1218	       -8.51739	        872.413	        572.219	        435.486	       -255.664	        508.861	         186.84	        2.22071	        41.4402	        71.6058
	       -9.02527	        11.4732	        572.219	        1032.88	        105.013	        -429.42	        129.245	        298.391	       -3.44239	        278.738	        231.317
	        127.383	       -40.8461	        435.486	        105.013	        2832.58	        34.7873	        141.271	        162.386	        69.3695	        301.941	        301.832
	        203.464	        22.4251	       -255.664	        -429.42	        34.7873	        6615.56	       -2478.09	        649.989	        -19.262	        260.989	        258.279
	       -75.6743	       -67.9487	        508.861	        129.245	        141.271	       -2478.09	        3672.19	        75.6595	        6.15656	        -134.24	       -173.927
	        25.7689	        4.30801	         186.84	        298.391	        162.386	        649.989	        75.6595	        423.682	        5.78405	        270.438	        213.429
	       0.920717	        1.59903	        2.22071	       -3.44239	        69.3695	        -19.262	        6.15656	        5.78405	        6.38652	        11.7642	        12.6969
	        24.2451	        6.54321	        41.4402	        278.738	        301.941	        260.989	        -134.24	        270.438	        11.7642	        346.722	        217.276
	        5.89386	        6.33709	        71.6058	        231.317	        301.832	        258.279	       -173.927	        213.429	        12.6969	        217.276	        218.918
invIMIS 7
	        27.1258	       -4.04625	        15.6681	       -16.9847	       -91.3038	        171.977	       -93.4885	        3.61325	       -4.94951	       -5.53879	       -11.7847
	       -4.04625	        7.78842	        6.53916	       -3.86247	       -20.3408	        15.0826	        -21.093	        5.32239	       0.172145	         2.2924	        0.73001
	        15.6681	        6.53916	        657.106	        316.568	        77.4627	       -127.246	        143.196	        54.7546	       -1.53937	       -16.0128	        6.18325
	       -16.9847	       -3.86247	        316.568	        723.994	        12.8665	       -226.506	        62.1296	        189.367	       -10.7156	        157.413	        112.236
	       -91.3038	       -20.3408	        77.4627	        12.8665	        1517.12	       -334.216	       -168.731	        -111.22	        44.5276	        119.646	        249.435
	        171.977	        15.0826	       -127.246	       -226.506	       -334.216	        5410.64	       -1592.66	        448.035	       -27.6804	        235.615	        6.17185
	       -93.4885	        -21.093	        143.196	        62.1296	       -168.731	       -1592.66	        2902.71	        41.8454	        29.2924	       -135.997	       -127.673
	        3.61325	        5.32239	        54.7546	        189.367	        -111.22	        448.035	        41.8454	        318.769	        1.33854	        169.174	        129.622
	       -4.94951	       0.172145	       -1.53937	       -10.7156	        44.5276	       -27.6804	        29.2924	        1.33854	        6.83174	         5.7784	        14.8409
	       -5.53879	         2.2924	       -16.0128	        157.413	        119.646	        235.615	       -135.997	        169.174	         5.7784	        262.246	        159.908
	       -11.7847	        0.73001	        6.18325	        112.236	        249.435	        6.17185	       -127.673	        129.622	        14.8409	        159.908	        203.731
invIMIS 8
	        24.3564	       -2.67724	         18.969	       0.167328	       -38.0524	        100.548	       -17.4505	       0.015546	        1.40686	        7.34753	      -0.249577
	       -2.67724	        3.92091	       -1.38344	       0.876971	        34.1626	        25.0891	       -19.0824	        6.17721	       0.260835	        6.40093	        4.03465
	         18.969	       -1.38344	        611.609	        252.569	       -38.3172	       -74.0774	        44.9384	        0.50266	        -4.8061	      -0.213486	       -6.38686
	       0.167328	       0.876971	        252.569	        630.479	         34.436	       -207.215	        239.761	        209.885	        1.96631	        108.385	        55.4252
	       -38.0524	        34.1626	       -38.3172	         34.436	        1741.24	        -15.586	        801.891	        99.3681	         31.588	        120.634	         10.756
	        100.548	        25.0891	       -74.0774	       -207.215	        -15.586	        3909.06	       -1426.21	        429.112	        12.4763	        221.166	        113.151
	       -17.4505	       -19.0824	        44.9384	        239.761	        801.891	       -1426.21	        2564.17	        30.0815	        31.2166	       -112.713	       -203.741
	       0.015546	        6.17721	        0.50266	        209.885	        99.3681	        429.112	        30.0815	        268.493	        7.42572	        155.531	        130.439
	        1.40686	       0.260835	        -4.8061	        1.96631	         31.588	        12.4763	        31.2166	        7.42572	        3.16177	        1.30778	      -0.686298
	        7.34753	        6.40093	      -0.213486	        108.385	        120.634	        221.166	       -112.713	        155.531	        1.30778	        189.254	        137.613
	      -0.249577	        4.03465	       -6.38686	        55.4252	         10.756	        113.151	       -203.741	        130.439	      -0.686298	        137.613	        207.283
invIMIS 9
	        40.5421	     -0.0100498	        6.11912	        11.5293	       -60.7365	         325.22	       -114.821	        39.0402	      -0.748968	        26.4955	        15.8728
	     -0.0100498	        4.05837	        5.75246	        -4.1376	         12.933	        3.75443	       -38.2644	       -6.21789	        0.69013	        3.31044	        2.52381
	        6.11912	        5.75246	        1203.66	        841.319	         182.44	       -350.623	         392.89	        214.384	       -2.85249	        146.146	         78.167
	        11.5293	        -4.1376	        841.319	        1335.66	        90.9852	       -448.326	        320.143	        444.997	       0.747304	         261.53	        240.573
	       -60.7365	         12.933	         182.44	        90.9852	        1029.54	       -492.103	        491.742	         95.058	        17.4229	        58.8613	        33.5514
	         325.22	        3.75443	       -350.623	       -448.326	       -492.103	        7400.54	       -2945.18	        630.416	       -1.27218	        481.758	          397.1
	       -114.821	       -38.2644	         392.89	        320.143	        491.742	       -2945.18	        3009.97	        -78.833	       -3.01595	       -204.514	       -208.113
	        39.0402	       -6.21789	        214.384	        444.997	         95.058	        630.416	        -78.833	        391.014	        4.83004	        244.039	        264.302
	      -0.748968	        0.69013	       -2.85249	       0.747304	        17.4229	       -1.27218	       -3.01595	        4.83004	        2.63559	        2.39737	        3.33005
	        26.4955	        3.31044	        146.146	         261.53	        58.8613	        481.758	       -204.514	        244.039	        2.39737	        280.266	         233.85
	        15.8728	        2.52381	         78.167	        240.573	        33.5514	          397.1	       -208.113	        264.302	        3.33005	         233.85	        280.066
invIMIS 10
	        26.6855	       -4.25937	          9.565	       -3.26084	        21.7589	        107.525	       -5.34839	        2.01828	        4.33729	        -1.7285	       -10.6764
	       -4.25937	        6.54384	        3.13853	        -4.8782	        17.4615	        29.7213	       -40.6188	        4.36131	       -1.63819	       -1.22328	        8.74585
	          9.565	        3.13853	        432.433	        196.705	       -17.7093	       -129.274	        80.2064	        43.8773	       -10.0035	         1.5115	         40.449
	       -3.26084	        -4.8782	        196.705	          432.2	        79.3275	       -170.377	        174.809	        101.432	        10.4668	        84.1537	        45.4103
	        21.7589	        17.4615	       -17.7093	        79.3275	        1578.98	       -166.175	        35.8111	        55.0509	         14.844	        71.5905	        93.6221
	        107.525	        29.7213	       -129.274	       -170.377	       -166.175	        3123.99	       -892.144	        315.998	        3.43016	        96.9904	        23.8739
	       -5.34839	       -40.6188	        80.2064	        174.809	        35.8111	       -892.144	        1296.65	       -66.8721	      -0.319718	        46.6621	       -113.336
	        2.01828	        4.36131	        43.8773	        101.432	        55.0509	        315.998	       -66.8721	        182.341	        6.32203	        95.7547	        80.6556
	        4.33729	       -1.63819	       -10.0035	        10.4668	         14.844	        3.43016	      -0.319718	        6.32203	        5.46951	        1.79765	       -4.98787
	        -1.7285	       -1.22328	         1.5115	        84.1537	        71.5905	        96.9904	        46.6621	        95.7547	        1.79765	        132.593	        90.6519
	       -10.6764	        8.74585	         40.449	        45.4103	        93.6221	        23.8739	       -113.336	        80.6556	       -4.98787	        90.6519	        152.579
invIMIS 11
	         48.743	       -2.89838	        14.6308	        1.59281	       -17.0321	        195.435	       -137.811	        8.97591	        6.25789	       0.417913	       -13.1985
	       -2.89838	        6.43152	      -0.950306	        5.65529	        32.4143	        41.0033	        -26.071	         12.462	      -0.537625	        1.26853	        7.60202
	        14.6308	      -0.950306	        824.725	        688.217	        200.355	       -384.598	        456.528	        176.291	       -1.86628	        134.565	        129.978
	        1.59281	        5.65529	        688.217	        966.609	        40.7334	       -449.608	        162.102	        234.186	        9.15109	        182.504	        115.377
	       -17.0321	        32.4143	        200.355	        40.7334	        1724.21	       -143.752	        116.442	        79.9855	        5.85113	        17.4202	         49.784
	        195.435	        41.0033	       -384.598	       -449.608	       -143.752	        5926.45	       -2955.08	        614.542	       -36.0005	        297.414	        401.088
	       -137.811	        -26.071	        456.528	        162.102	        116.442	       -2955.08	        2730.24	       -231.189	       -12.1421	       -136.567	       -178.179
	        8.97591	         12.462	        176.291	        234.186	        79.9855	        614.542	       -231.189	        362.005	       -9.22182	        244.673	        253.669
	        6.25789	      -0.537625	       -1.86628	        9.15109	        5.85113	       -36.0005	       -12.1421	       -9.22182	        7.12976	       -6.66106	       -17.1384
	       0.417913	        1.26853	        134.565	        182.504	        17.4202	        297.414	       -136.567	        244.673	       -6.66106	        263.081	        245.233
	       -13.1985	        7.60202	        129.978	        115.377	         49.784	        401.088	       -178.179	        253.669	       -17.1384	        245.233	         309.18
invIMIS 12
	        49.5366	        -2.8426	        32.3723	       -46.2642	        -38.399	        338.037	       -186.013	        2.21373	        4.46235	        10.0693	       -4.76572
	        -2.8426	        7.18133	         3.3111	        8.68039	        53.2735	        33.6527	       -5.93553	        10.0227	      -0.325332	        2.51991	        14.2849
	        32.3723	         3.3111	        1556.96	        1286.23	        155.068	       -856.869	        700.618	        256.342	       -6.81105	        169.677	        133.815
	       -46.2642	        8.68039	        1286.23	        1717.62	        161.713	       -863.567	        574.896	        453.159	       -6.52119	        327.644	        234.314
	        -38.399	        53.2735	        155.068	        161.713	        1739.84	       -261.298	        346.159	        295.879	        19.1986	        52.9287	        192.779
	        338.037	        33.6527	       -856.869	       -863.567	       -261.298	        8211.16	       -4068.53	        811.154	       -20.8502	        611.288	         653.79
	       -186.013	       -5.93553	        700.618	        574.896	        346.159	       -4068.53	        2724.37	       -356.574	       -4.51784	       -325.958	       -241.391
	        2.21373	        10.0227	        256.342	        453.159	        295.879	        811.154	       -356.574	        597.071	       -7.55993	        454.722	        464.727
	        4.46235	      -0.325332	       -6.81105	       -6.52119	        19.1986	       -20.8502	       -4.51784	       -7.55993	         7.7732	       -2.75518	       -9.00764
	        10.0693	        2.51991	        169.677	        327.644	        52.9287	        611.288	       -325.958	        454.722	       -2.75518	         428.34	        389.482
	       -4.76572	        14.2849	        133.815	        234.314	        192.779	         653.79	       -241.391	        464.727	       -9.00764	        389.482	        449.038
invIMIS 13
	        36.9105	       -4.01554	       -2.05798	          18.81	        74.3909	        106.594	       -27.4593	        12.2395	        3.06836	        1.38119	       -7.08494
	       -4.01554	        6.75463	        10.0533	       -1.78682	       -10.5725	        12.1708	       -38.9344	        8.97222	      -0.355154	        8.82491	        14.9456
	       -2.05798	        10.0533	        638.377	        451.029	       -24.0289	         -247.6	        152.197	        121.706	       -3.49186	        53.5631	        66.7381
	          18.81	       -1.78682	        451.029	        774.223	        61.0119	       -194.853	        180.536	        191.132	        7.84525	        182.938	        134.933
	        74.3909	       -10.5725	       -24.0289	        61.0119	        1820.26	       -375.022	       -331.852	        179.037	       -11.1935	        171.762	        262.056
	        106.594	        12.1708	         -247.6	       -194.853	       -375.022	        3995.67	        -872.62	        490.979	       -4.12341	        229.823	        72.2974
	       -27.4593	       -38.9344	        152.197	        180.536	       -331.852	        -872.62	        1645.37	        -141.75	         4.5532	       -42.4891	       -88.0569
	        12.2395	        8.97222	        121.706	        191.132	        179.037	        490.979	        -141.75	        299.106	        1.96453	        166.698	        173.721
	        3.06836	      -0.355154	       -3.49186	        7.84525	       -11.1935	       -4.12341	         4.5532	        1.96453	        4.74494	        -1.4131	       0.506182
	        1.38119	        8.82491	        53.5631	        182.938	        171.762	        229.823	       -42.4891	        166.698	        -1.4131	        192.235	        161.918
	       -7.08494	        14.9456	        66.7381	        134.933	        262.056	        72.2974	       -88.0569	        173.721	       0.506182	        161.918	        240.754
invIMIS 14
	        82.8653	       -3.78912	        6.07739	        34.4489	        143.666	        282.615	       -154.657	        1.67157	         12.981	       -7.56896	       -17.2907
	       -3.78912	        4.76359	        19.4219	        21.0561	         6.8426	       -41.2031	        37.2241	        11.0674	       0.140592	        13.5316	        17.1012
	        6.07739	        19.4219	        976.936	        542.457	        16.4868	       -230.585	         204.59	         149.48	       -8.02932	        38.7732	        97.9478
	        34.4489	        21.0561	        542.457	        1077.62	        37.9951	       -283.606	       -61.3537	         298.17	        16.3108	        261.174	        143.085
	        143.666	         6.8426	        16.4868	        37.9951	        1960.05	         -453.4	       -27.0417	        162.004	        2.88673	        245.249	        365.017
	        282.615	       -41.2031	       -230.585	       -283.606	         -453.4	        5969.18	       -1523.37	        484.698	        12.6182	        137.251	        140.091
	       -154.657	        37.2241	         204.59	       -61.3537	       -27.0417	       -1523.37	        1546.11	       -81.6914	       -25.7998	        61.9886	       -59.8528
	        1.67157	        11.0674	         149.48	         298.17	        162.004	        484.698	       -81.6914	        423.527	        7.78342	        227.304	        225.773
	         12.981	       0.140592	       -8.02932	        16.3108	        2.88673	        12.6182	       -25.7998	        7.78342	        11.8312	        -2.3749	       -1.57198
	       -7.56896	        13.5316	        38.7732	        261.174	        245.249	        137.251	        61.9886	        227.304	        -2.3749	        337.853	         259.66
	       -17.2907	        17.1012	        97.9478	        143.085	        365.017	        140.091	       -59.8528	        225.773	       -1.57198	         259.66	        348.592
invIMIS 15
	        50.5029	        2.21716	        6.95546	        56.4635	        116.919	        62.2651	         8.9597	       -27.0565	        5.33093	        27.4366	       -23.4494
	        2.21716	        7.87193	        50.7039	        71.3366	        -4.4021	        99.4352	       -11.6608	        52.1078	      -0.679595	        29.8884	        34.9613
	        6.95546	        50.7039	        2376.25	        1851.63	        290.162	       -354.833	        327.157	        559.424	        -26.914	        406.805	        448.351
	        56.4635	        71.3366	        1851.63	           2652	        115.646	        38.8077	         163.41	        975.253	         19.905	        818.383	        620.659
	        116.919	        -4.4021	        290.162	        115.646	        2265.23	        -711.66	        28.4776	        129.045	        1.44801	        280.989	        216.862
	        62.2651	        99.4352	       -354.833	        38.8077	        -711.66	        8911.68	       -1674.09	        1290.32	        14.9374	        780.311	        758.469
	         8.9597	       -11.6608	        327.157	         163.41	        28.4776	       -1674.09	        1126.67	       -58.3848	       -17.9603	        -66.561	       -114.639
	       -27.0565	        52.1078	        559.424	        975.253	        129.045	        1290.32	       -58.3848	        965.982	        -2.0434	        669.466	        583.647
	        5.33093	      -0.679595	        -26.914	         19.905	        1.44801	        14.9374	       -17.9603	        -2.0434	        14.6398	        6.77809	       -2.48356
	        27.4366	        29.8884	        406.805	        818.383	        280.989	        780.311	        -66.561	        669.466	        6.77809	        706.271	        536.013
	       -23.4494	        34.9613	        448.351	        620.659	        216.862	        758.469	       -114.639	        583.647	       -2.48356	        536.013	        561.439
invIMIS 16
	        52.7027	        4.92964	        87.3863	         153.95	        175.792	       -130.433	        3.99452	       -32.2313	        23.6667	        50.6829	        25.2775
	        4.92964	        13.6238	        87.4784	        157.133	        14.9058	        130.137	       -20.5174	        113.397	        1.90856	         90.493	         80.626
	        87.3863	        87.4784	        4548.85	           4040	        141.787	       -739.862	        799.169	        1246.64	       -38.0096	        1107.18	        920.244
	         153.95	        157.133	           4040	        5647.33	        753.261	       -183.869	        671.282	        2163.98	        44.0646	        1713.68	        1394.99
	        175.792	        14.9058	        141.787	        753.261	        3620.29	       -756.305	       -468.097	        451.673	        26.1319	        947.846	        563.304
	       -130.433	        130.137	       -739.862	       -183.869	       -756.305	        15228.9	       -3728.33	        2540.15	       -3.18085	        1405.26	        1788.52
	        3.99452	       -20.5174	        799.169	        671.282	       -468.097	       -3728.33	        2658.31	        -141.32	        12.9111	        62.7937	       -168.948
	       -32.2313	        113.397	        1246.64	        2163.98	        451.673	        2540.15	        -141.32	         2054.9	       -16.5564	        1398.02	        1218.96
	        23.6667	        1.90856	       -38.0096	        44.0646	        26.1319	       -3.18085	        12.9111	       -16.5564	        20.4232	        12.7363	       -4.83099
	        50.6829	         90.493	        1107.18	        1713.68	        947.846	        1405.26	        62.7937	        1398.02	        12.7363	        1337.65	        1100.07
	        25.2775	         80.626	        920.244	        1394.99	        563.304	        1788.52	       -168.948	        1218.96	       -4.83099	        1100.07	        1028.15
invIMIS 17
	        43.0272	        4.04784	         134.63	        187.425	        108.344	       -124.812	        -29.867	       -18.6005	        7.64156	        50.0885	          28.33
	        4.04784	        17.2335	        90.8778	        175.055	        22.0125	        78.1702	       -6.24891	        118.464	        2.90921	        90.4806	        83.8514
	         134.63	        90.8778	        5037.78	        4449.05	        624.498	       -1451.65	        1500.16	        1450.37	       -2.04113	        1192.14	        963.177
	        187.425	        175.055	        4449.05	        5891.17	        892.057	       -1253.93	        1374.49	        2381.41	        59.4367	        1730.35	         1362.3
	        108.344	        22.0125	        624.498	        892.057	        3129.54	       -695.404	         63.382	        542.778	        14.6405	        804.967	         569.61
	       -124.812	        78.1702	       -1451.65	       -1253.93	       -695.404	        13216.6	       -4074.28	        1985.76	        4.02561	         1098.2	        1309.25
	        -29.867	       -6.24891	        1500.16	        1374.49	         63.382	       -4074.28	        2654.58	        59.0098	       -32.6644	        163.396	       -2.51653
	       -18.6005	        118.464	        1450.37	        2381.41	        542.778	        1985.76	        59.0098	        2198.72	       -1.59393	         1468.2	        1244.01
	        7.64156	        2.90921	       -2.04113	        59.4367	        14.6405	        4.02561	       -32.6644	       -1.59393	        7.16018	        4.88995	        3.67664
	        50.0885	        90.4806	        1192.14	        1730.35	        804.967	         1098.2	        163.396	         1468.2	        4.88995	         1308.8	        1058.23
	          28.33	        83.8514	        963.177	         1362.3	         569.61	        1309.25	       -2.51653	        1244.01	        3.67664	        1058.23	        986.033
invIMIS 18
	        47.4944	       0.985595	         53.174	        50.6264	        214.138	        116.893	        68.1043	       -28.7863	        8.45624	        71.6394	          22.45
	       0.985595	        9.54186	        46.9139	        50.5289	        -29.915	         103.45	        23.5968	         53.482	        1.82741	        33.8495	        39.8833
	         53.174	        46.9139	        2652.52	        1942.32	        322.426	       -234.378	        667.126	        562.948	       -1.90366	        479.908	        413.423
	        50.6264	        50.5289	        1942.32	         2905.9	        625.617	        -1279.2	        1132.55	        959.748	        19.0715	        743.434	        507.974
	        214.138	        -29.915	        322.426	        625.617	        4668.25	       -466.285	       -437.295	        168.827	        22.9237	        611.324	        344.785
	        116.893	         103.45	       -234.378	        -1279.2	       -466.285	        12990.2	       -3778.32	        1766.84	       -89.4122	        950.193	        1331.57
	        68.1043	        23.5968	        667.126	        1132.55	       -437.295	       -3778.32	        2436.64	       -382.066	        76.1821	        8.41371	       -211.978
	       -28.7863	         53.482	        562.948	        959.748	        168.827	        1766.84	       -382.066	        1204.92	       -17.8345	        685.286	        709.206
	        8.45624	        1.82741	       -1.90366	        19.0715	        22.9237	       -89.4122	        76.1821	       -17.8345	        6.50658	         8.1111	       -2.32686
	        71.6394	        33.8495	        479.908	        743.434	        611.324	        950.193	        8.41371	        685.286	         8.1111	        785.482	        621.681
	          22.45	        39.8833	        413.423	        507.974	        344.785	        1331.57	       -211.978	        709.206	       -2.32686	        621.681	        637.117
