invIMIS 0
	              0	              0	              0	              0	              0	              0	              0	              0	              0	              0	              0
	              0	              0	              0	              0	              0	              0	              0	              0	              0	              0	              0
	              0	              0	              0	              0	              0	              0	              0	              0	              0	              0	              0
	              0	              0	              0	              0	              0	              0	              0	              0	              0	              0	              0
	              0	              0	              0	              0	              0	              0	              0	              0	              0	              0	              0
	              0	              0	              0	              0	              0	              0	              0	              0	              0	              0	              0
	              0	              0	              0	              0	              0	              0	              0	              0	              0	              0	              0
	              0	              0	              0	              0	              0	              0	              0	              0	              0	              0	              0
	              0	              0	              0	              0	              0	              0	              0	              0	              0	              0	              0
	              0	              0	              0	              0	              0	              0	              0	              0	              0	              0	              0
	              0	              0	              0	              0	              0	              0	              0	              0	              0	              0	              0
invIMIS 1
	        11.8663	       -0.21237	         1.0576	      -0.983975	       -1.78389	        2.53438	        9.89456	       -1.70589	       0.155682	       -1.35055	       -3.53397
	       -0.21237	        2.34972	       0.536791	       -0.43372	        1.09342	       -1.22491	       -4.78741	        0.37483	       0.956262	     -0.0534713	       0.873287
	         1.0576	       0.536791	          29.14	      -0.578616	        9.62208	      -0.798644	        5.43528	       0.237761	      -0.528576	        1.10888	      -0.478322
	      -0.983975	       -0.43372	      -0.578616	        37.3688	        2.63142	        3.01621	       -1.53493	        1.73401	        0.56425	         2.0598	        2.55356
	       -1.78389	        1.09342	        9.62208	        2.63142	        517.845	        27.9737	        61.8173	        -4.0038	        1.82476	       -4.16104	       -21.2377
	        2.53438	       -1.22491	      -0.798644	        3.01621	        27.9737	        264.521	        7.44466	        2.48759	      -0.187246	        8.03862	        8.48624
	        9.89456	       -4.78741	        5.43528	       -1.53493	        61.8173	        7.44466	        613.745	         1.7264	        4.45699	        2.71008	        19.9652
	       -1.70589	        0.37483	       0.237761	        1.73401	        -4.0038	        2.48759	         1.7264	        31.1538	       0.107368	        1.23999	       -2.16712
	       0.155682	       0.956262	      -0.528576	        0.56425	        1.82476	      -0.187246	        4.45699	       0.107368	         1.4063	       0.488902	        -1.5715
	       -1.35055	     -0.0534713	        1.10888	         2.0598	       -4.16104	        8.03862	        2.71008	        1.23999	       0.488902	        22.7636	       -2.30225
	       -3.53397	       0.873287	      -0.478322	        2.55356	       -21.2377	        8.48624	        19.9652	       -2.16712	        -1.5715	       -2.30225	        27.7828
invIMIS 2
	        35.8128	        1.78729	       -3.10449	        2.41073	        13.9399	       -24.1259	       -31.2124	       -7.68144	       -1.03831	      -0.534243	       -8.35895
	        1.78729	         11.434	       0.874163	       -2.68007	       -6.14826	       -0.55559	        3.54206	       0.940611	        2.05567	        1.99432	        3.41919
	       -3.10449	       0.874163	        104.032	        4.74378	       -32.4172	       -6.34046	       -15.7521	       -4.31461	       -2.68916	        13.1312	      -0.478315
	        2.41073	       -2.68007	        4.74378	        122.447	        61.4543	        8.49469	        26.0796	        12.4354	        4.69768	       -8.67201	        17.2278
	        13.9399	       -6.14826	       -32.4172	        61.4543	        1487.04	        142.939	        251.686	       -32.3113	       -15.0922	        28.8984	       -69.1444
	       -24.1259	       -0.55559	       -6.34046	        8.49469	        142.939	        846.882	       -233.741	       0.918161	        6.89852	        31.8064	        4.10979
	       -31.2124	        3.54206	       -15.7521	        26.0796	        251.686	       -233.741	        1629.02	       -46.3885	        3.78698	        20.2714	        43.5198
	       -7.68144	       0.940611	       -4.31461	        12.4354	       -32.3113	       0.918161	       -46.3885	        85.2401	       -8.24436	        10.1504	       -3.18136
	       -1.03831	        2.05567	       -2.68916	        4.69768	       -15.0922	        6.89852	        3.78698	       -8.24436	        5.55438	        6.57151	       -1.94451
	      -0.534243	        1.99432	        13.1312	       -8.67201	        28.8984	        31.8064	        20.2714	        10.1504	        6.57151	        66.7134	       -2.60682
	       -8.35895	        3.41919	      -0.478315	        17.2278	       -69.1444	        4.10979	        43.5198	       -3.18136	       -1.94451	       -2.60682	        104.419
invIMIS 3
	        72.6556	        15.7716	        21.2375	        17.4843	         59.738	        22.2817	       -61.0944	       -48.6357	        12.4407	       -9.53876	       -11.0472
	        15.7716	        15.4022	        5.68621	       -4.95187	        31.6826	       -26.2962	        3.21081	      -0.663671	        1.33547	        6.83736	        6.46769
	        21.2375	        5.68621	        303.422	          43.51	        34.7933	       -83.7679	         -43.76	        16.1973	       -7.27007	        29.1367	       -39.3518
	        17.4843	       -4.95187	          43.51	        349.897	        30.0081	       -20.2925	       -3.98658	         22.398	        8.46302	       0.412701	        70.3059
	         59.738	        31.6826	        34.7933	        30.0081	        2396.65	        20.1982	        727.599	        -82.315	       -21.5199	        90.8467	       -112.669
	        22.2817	       -26.2962	       -83.7679	       -20.2925	        20.1982	        2001.03	       -935.687	         222.02	       -4.17498	        153.062	        -74.115
	       -61.0944	        3.21081	         -43.76	       -3.98658	        727.599	       -935.687	        3268.17	        20.6999	       -7.45265	        63.5575	       0.114103
	       -48.6357	      -0.663671	        16.1973	         22.398	        -82.315	         222.02	        20.6999	        196.619	       -12.9785	        38.5642	        53.4853
	        12.4407	        1.33547	       -7.27007	        8.46302	       -21.5199	       -4.17498	       -7.45265	       -12.9785	        9.32091	        9.19652	       -4.67049
	       -9.53876	        6.83736	        29.1367	       0.412701	        90.8467	        153.062	        63.5575	        38.5642	        9.19652	        134.035	        19.5276
	       -11.0472	        6.46769	       -39.3518	        70.3059	       -112.669	        -74.115	       0.114103	        53.4853	       -4.67049	        19.5276	        216.214
invIMIS 4
	        71.0706	        13.2649	      -0.512369	        32.5164	       -83.1778	       -10.0545	       -268.224	        -28.837	        12.7484	        -49.173	        17.8498
	        13.2649	        18.6059	        5.13524	         1.8342	       -23.3854	       -37.8581	       -10.2005	        13.8124	        2.93479	        3.86948	        22.6662
	      -0.512369	        5.13524	        556.183	        123.621	        76.2516	       -254.748	        216.095	        83.3801	       -23.6518	        20.4963	       -50.4316
	        32.5164	         1.8342	        123.621	        606.102	       -26.2496	       -47.3883	       -8.48019	        54.4072	        19.1787	         51.572	        118.479
	       -83.1778	       -23.3854	        76.2516	       -26.2496	        2808.86	        -114.14	         362.13	         148.22	       -51.9635	        70.8399	        65.3457
	       -10.0545	       -37.8581	       -254.748	       -47.3883	        -114.14	        3810.97	       -1719.71	        471.536	       -13.3261	        345.828	        61.7077
	       -268.224	       -10.2005	        216.095	       -8.48019	         362.13	       -1719.71	        3347.78	        298.355	        -54.801	       -22.9697	       -5.93814
	        -28.837	        13.8124	        83.3801	        54.4072	         148.22	        471.536	        298.355	         341.69	       -17.8675	        115.501	        74.7457
	        12.7484	        2.93479	       -23.6518	        19.1787	       -51.9635	       -13.3261	        -54.801	       -17.8675	        16.1858	         8.1413	        1.36585
	        -49.173	        3.86948	        20.4963	         51.572	        70.8399	        345.828	       -22.9697	        115.501	         8.1413	        249.742	        100.562
	        17.8498	        22.6662	       -50.4316	        118.479	        65.3457	        61.7077	       -5.93814	        74.7457	        1.36585	        100.562	        353.353
invIMIS 5
	        58.7624	        15.6258	        4.35617	        11.7523	        132.567	        35.5679	       -117.802	      -0.753598	        2.83031	       -7.63535	       -6.65541
	        15.6258	        21.0388	        4.19748	       -12.8291	        48.0704	      -0.962715	        9.23498	        19.8923	       0.753476	        8.62527	        8.76116
	        4.35617	        4.19748	        688.034	        347.075	        7.79559	       -176.101	        239.463	        112.029	       -8.64821	        66.5644	       -15.4953
	        11.7523	       -12.8291	        347.075	        827.236	        157.569	       -214.677	        93.9393	        176.661	        4.00274	        100.812	          141.2
	        132.567	        48.0704	        7.79559	        157.569	        1829.21	        85.2252	       -395.706	        -243.44	        30.6461	        9.65711	       -66.3264
	        35.5679	      -0.962715	       -176.101	       -214.677	        85.2252	        4536.99	       -1532.56	        524.649	        20.3114	        416.877	        36.3542
	       -117.802	        9.23498	        239.463	        93.9393	       -395.706	       -1532.56	        2830.65	       -72.3972	        13.7109	       -191.484	       -59.3653
	      -0.753598	        19.8923	        112.029	        176.661	        -243.44	        524.649	       -72.3972	        298.649	       -2.59962	         123.01	        143.019
	        2.83031	       0.753476	       -8.64821	        4.00274	        30.6461	        20.3114	        13.7109	       -2.59962	        11.7201	        21.5996	       -1.96908
	       -7.63535	        8.62527	        66.5644	        100.812	        9.65711	        416.877	       -191.484	         123.01	        21.5996	        232.494	        143.083
	       -6.65541	        8.76116	       -15.4953	          141.2	       -66.3264	        36.3542	       -59.3653	        143.019	       -1.96908	        143.083	        330.123
invIMIS 6
	        83.8015	        8.23512	        51.3155	        32.8018	        224.042	         275.38	       -219.306	        24.3395	         9.5143	        10.1724	        5.43297
	        8.23512	        14.7951	        27.1186	        33.9344	        86.0044	        105.364	        -46.127	        38.4042	        2.90285	        32.2284	        19.9784
	        51.3155	        27.1186	        1485.58	        1100.44	        30.2377	        -362.55	        273.374	        388.892	       -2.77315	        285.734	        125.922
	        32.8018	        33.9344	        1100.44	        1775.17	        101.448	       -274.697	        256.201	        512.359	        1.06019	        263.068	        311.339
	        224.042	        86.0044	        30.2377	        101.448	        2427.12	        534.651	       -757.402	        192.654	        47.3528	        150.049	        237.305
	         275.38	        105.364	        -362.55	       -274.697	        534.651	        8150.56	       -3650.67	        906.769	       -33.3074	        902.337	        420.231
	       -219.306	        -46.127	        273.374	        256.201	       -757.402	       -3650.67	        4209.01	       -199.259	        63.6708	       -398.111	       -246.216
	        24.3395	        38.4042	        388.892	        512.359	        192.654	        906.769	       -199.259	        462.087	        10.3565	        333.865	        284.438
	         9.5143	        2.90285	       -2.77315	        1.06019	        47.3528	       -33.3074	        63.6708	        10.3565	        12.9299	        8.41519	        12.4416
	        10.1724	        32.2284	        285.734	        263.068	        150.049	        902.337	       -398.111	        333.865	        8.41519	        382.394	        290.086
	        5.43297	        19.9784	        125.922	        311.339	        237.305	        420.231	       -246.216	        284.438	        12.4416	        290.086	        500.445
invIMIS 7
	        72.9028	        19.3235	        29.3899	        58.5321	        218.533	        95.8286	       -102.359	       -6.03782	        5.52616	        4.63727	        21.6363
	        19.3235	        22.0944	        6.32166	        24.2978	        75.7091	       -5.38074	       -41.4102	         24.727	      0.0509151	        16.9504	        27.4242
	        29.3899	        6.32166	        980.303	         705.81	         133.04	       -402.341	        349.142	        194.934	      -0.259875	        119.988	        29.2088
	        58.5321	        24.2978	         705.81	        1143.08	        200.403	       -123.115	        244.786	         280.94	        11.4491	        192.059	        231.485
	        218.533	        75.7091	         133.04	        200.403	        2139.97	        559.112	       -441.846	        29.5423	        20.3537	         91.974	        26.0612
	        95.8286	       -5.38074	       -402.341	       -123.115	        559.112	         5326.8	       -2771.76	        688.301	        55.0324	        649.508	        316.698
	       -102.359	       -41.4102	        349.142	        244.786	       -441.846	       -2771.76	        3035.22	       -249.275	       -22.6003	       -375.718	       -227.959
	       -6.03782	         24.727	        194.934	         280.94	        29.5423	        688.301	       -249.275	        438.001	       -3.28962	        213.023	        198.684
	        5.52616	      0.0509151	      -0.259875	        11.4491	        20.3537	        55.0324	       -22.6003	       -3.28962	        11.2811	        11.8128	         6.0454
	        4.63727	        16.9504	        119.988	        192.059	         91.974	        649.508	       -375.718	        213.023	        11.8128	         264.08	        220.487
	        21.6363	        27.4242	        29.2088	        231.485	        26.0612	        316.698	       -227.959	        198.684	         6.0454	        220.487	        397.309
invIMIS 8
	        58.9049	        3.75924	        65.9976	       -1.46412	        57.3593	        30.4988	       -106.181	       -3.43481	         -7.555	       -14.8783	        23.6166
	        3.75924	        26.0054	       -5.85744	        8.30275	        17.9056	       -22.8331	        -105.22	        16.7907	       -3.17536	         23.163	         47.534
	        65.9976	       -5.85744	        836.428	        480.019	        115.417	        -137.73	         68.759	         97.013	         4.4074	        72.9511	        31.0113
	       -1.46412	        8.30275	        480.019	        919.016	        142.687	       -135.353	        364.507	        207.869	        12.0054	        155.963	        92.5772
	        57.3593	        17.9056	        115.417	        142.687	        3013.73	        730.026	       -518.823	       -62.1524	       -28.3262	        63.6029	       -114.633
	        30.4988	       -22.8331	        -137.73	       -135.353	        730.026	        5482.87	       -2390.33	        626.352	        4.53693	         538.09	         125.44
	       -106.181	        -105.22	         68.759	        364.507	       -518.823	       -2390.33	        3765.79	       -235.432	        35.3925	       -140.338	        -210.95
	       -3.43481	        16.7907	         97.013	        207.869	       -62.1524	        626.352	       -235.432	         392.12	        6.11931	        200.115	        183.361
	         -7.555	       -3.17536	         4.4074	        12.0054	       -28.3262	        4.53693	        35.3925	        6.11931	        6.79516	       -6.13891	       -20.8529
	       -14.8783	         23.163	        72.9511	        155.963	        63.6029	         538.09	       -140.338	        200.115	       -6.13891	        261.757	        152.859
	        23.6166	         47.534	        31.0113	        92.5772	       -114.633	         125.44	        -210.95	        183.361	       -20.8529	        152.859	        382.589
invIMIS 9
	        108.736	        2.48702	        104.574	        127.806	        359.789	        471.635	        -87.616	        12.4122	        17.4057	        24.4445	        17.9968
	        2.48702	        17.4989	        33.1787	        84.8713	        67.6982	        187.752	       -119.622	        77.3968	       -2.43998	        50.8566	        47.3835
	        104.574	        33.1787	         3959.3	        3762.11	        88.8201	       -1206.66	        1145.23	        1008.45	       -35.2963	        784.542	        671.839
	        127.806	        84.8713	        3762.11	         4659.3	        559.482	       -952.105	        1430.84	        1320.39	        2.98441	        921.446	        926.802
	        359.789	        67.6982	        88.8201	        559.482	        3904.23	        2073.18	        -830.78	        61.1354	        87.9422	        560.216	        465.994
	        471.635	        187.752	       -1206.66	       -952.105	        2073.18	        11578.3	       -5008.34	        1824.04	        108.321	        1420.14	        1140.73
	        -87.616	       -119.622	        1145.23	        1430.84	        -830.78	       -5008.34	        4562.79	         -493.1	       -5.02085	        -469.97	       -463.457
	        12.4122	        77.3968	        1008.45	        1320.39	        61.1354	        1824.04	         -493.1	         1263.8	       -7.58465	        795.724	        752.316
	        17.4057	       -2.43998	       -35.2963	        2.98441	        87.9422	        108.321	       -5.02085	       -7.58465	        17.4586	        10.7386	        6.78318
	        24.4445	        50.8566	        784.542	        921.446	        560.216	        1420.14	        -469.97	        795.724	        10.7386	        713.413	        621.401
	        17.9968	        47.3835	        671.839	        926.802	        465.994	        1140.73	       -463.457	        752.316	        6.78318	        621.401	        711.363
invIMIS 10
	        87.6251	        7.96903	        15.4861	        55.6335	        37.0521	        331.966	       -341.693	        11.2708	        1.12187	        1.82084	        64.0253
	        7.96903	        18.7006	        16.4703	        12.3782	        42.9416	        91.7479	       -77.8967	        48.5323	       -4.39576	        26.2372	        61.5572
	        15.4861	        16.4703	        1633.18	        1191.57	        195.283	       -842.969	        421.014	         147.04	       -1.61819	        208.179	        156.165
	        55.6335	        12.3782	        1191.57	        1471.07	       -294.081	       -150.716	       -5.94611	        427.384	       -12.1743	        203.789	        186.668
	        37.0521	        42.9416	        195.283	       -294.081	        3353.83	       -548.476	       -479.767	       -60.5237	        17.1235	        26.3409	        27.8547
	        331.966	        91.7479	       -842.969	       -150.716	       -548.476	        11112.5	       -5395.96	        1497.34	       -14.5184	        1136.98	        647.809
	       -341.693	       -77.8967	        421.014	       -5.94611	       -479.767	       -5395.96	         4734.6	       -604.254	         61.636	       -493.351	       -367.214
	        11.2708	        48.5323	         147.04	        427.384	       -60.5237	        1497.34	       -604.254	        759.832	       -2.94402	        458.551	         414.09
	        1.12187	       -4.39576	       -1.61819	       -12.1743	        17.1235	       -14.5184	         61.636	       -2.94402	        21.8614	        20.4969	        10.3417
	        1.82084	        26.2372	        208.179	        203.789	        26.3409	        1136.98	       -493.351	        458.551	        20.4969	        537.923	        364.077
	        64.0253	        61.5572	        156.165	        186.668	        27.8547	        647.809	       -367.214	         414.09	        10.3417	        364.077	         608.53
invIMIS 11
	        72.3472	         9.9835	        51.8049	        135.648	        228.001	        189.505	       -142.942	        65.0094	        4.73947	       -14.1776	        27.1728
	         9.9835	        16.4477	        26.8299	         40.363	         46.375	        104.379	       -54.2977	        52.4169	       -1.99966	         36.454	        33.2962
	        51.8049	        26.8299	        2629.99	        2069.21	        606.467	       -1310.44	         945.85	        450.167	       -10.4476	        363.363	        256.812
	        135.648	         40.363	        2069.21	        2764.68	        39.5558	       -121.474	         286.97	         936.97	       -10.7618	        587.221	        584.649
	        228.001	         46.375	        606.467	        39.5558	        4319.91	       -966.194	       -345.076	       -37.9073	        48.0767	        96.8231	        73.2423
	        189.505	        104.379	       -1310.44	       -121.474	       -966.194	        11618.6	       -5435.84	        1974.28	       -23.3269	        1224.31	        1154.18
	       -142.942	       -54.2977	         945.85	         286.97	       -345.076	       -5435.84	        5166.22	       -913.569	        28.3416	       -472.088	       -567.737
	        65.0094	        52.4169	        450.167	         936.97	       -37.9073	        1974.28	       -913.569	        970.881	       -3.14622	        626.493	         529.27
	        4.73947	       -1.99966	       -10.4476	       -10.7618	        48.0767	       -23.3269	        28.3416	       -3.14622	        27.0506	        18.2971	       -0.02828
	       -14.1776	         36.454	        363.363	        587.221	        96.8231	        1224.31	       -472.088	        626.493	        18.2971	        683.202	        453.422
	        27.1728	        33.2962	        256.812	        584.649	        73.2423	        1154.18	       -567.737	         529.27	       -0.02828	        453.422	        463.152
invIMIS 12
	        88.6031	        -4.3398	        110.735	        172.441	        89.7749	        171.973	       -180.051	         37.723	        16.2051	      -0.760266	        20.1708
	        -4.3398	        22.8005	        42.6786	        83.1579	       -1.07275	        104.883	        11.9402	        94.4675	        1.74656	         79.217	        68.8043
	        110.735	        42.6786	        3572.78	        3071.54	        502.881	       -1834.34	        1144.95	        570.116	       -37.7688	        431.305	        497.775
	        172.441	        83.1579	        3071.54	        3729.64	         131.91	       -922.433	        795.758	        1104.42	       -24.3571	        554.618	        744.141
	        89.7749	       -1.07275	        502.881	         131.91	        4763.51	       -977.239	         -497.9	        175.286	        91.7237	        259.873	        249.984
	        171.973	        104.883	       -1834.34	       -922.433	       -977.239	          13855	       -5751.11	        2182.44	        126.109	        2011.12	        1525.32
	       -180.051	        11.9402	        1144.95	        795.758	         -497.9	       -5751.11	        5848.67	       -752.222	        -30.026	       -863.589	       -621.668
	         37.723	        94.4675	        570.116	        1104.42	        175.286	        2182.44	       -752.222	        1209.04	       -6.09648	        782.854	        788.795
	        16.2051	        1.74656	       -37.7688	       -24.3571	        91.7237	        126.109	        -30.026	       -6.09648	        21.6783	       -11.1199	       -10.1312
	      -0.760266	         79.217	        431.305	        554.618	        259.873	        2011.12	       -863.589	        782.854	       -11.1199	        842.028	        685.691
	        20.1708	        68.8043	        497.775	        744.141	        249.984	        1525.32	       -621.668	        788.795	       -10.1312	        685.691	        711.644
invIMIS 13
	        84.8861	       -12.8151	        84.6494	        137.973	        87.7588	        120.915	       -142.468	         4.5099	        18.8211	       -12.6655	       0.185524
	       -12.8151	        14.5186	        12.4255	        40.3612	       -12.6527	        146.072	        17.8665	        71.1273	       0.908803	        49.3613	        42.5794
	        84.6494	        12.4255	        2224.38	        1787.19	        180.794	       -730.543	        426.458	        420.019	       -36.8568	        325.732	        298.244
	        137.973	        40.3612	        1787.19	        2588.18	         46.663	       -231.405	        851.798	        811.925	        -2.7206	        445.646	        456.403
	        87.7588	       -12.6527	        180.794	         46.663	        3014.01	       -797.299	       -156.088	       -40.6844	         85.994	        122.395	        14.1812
	        120.915	        146.072	       -730.543	       -231.405	       -797.299	        10553.9	       -4022.76	        1882.45	         68.642	        1246.35	         1154.8
	       -142.468	        17.8665	        426.458	        851.798	       -156.088	       -4022.76	        3909.64	       -128.067	       -54.3191	       -451.405	        -415.23
	         4.5099	        71.1273	        420.019	        811.925	       -40.6844	        1882.45	       -128.067	        943.108	        1.35302	        521.949	        557.851
	        18.8211	       0.908803	       -36.8568	        -2.7206	         85.994	         68.642	       -54.3191	        1.35302	        19.5458	       -1.42303	        1.83697
	       -12.6655	        49.3613	        325.732	        445.646	        122.395	        1246.35	       -451.405	        521.949	       -1.42303	        506.227	        453.337
	       0.185524	        42.5794	        298.244	        456.403	        14.1812	         1154.8	        -415.23	        557.851	        1.83697	        453.337	        535.034
