	       0.920694	        1.02616	       0.752428	       0.562588	       0.836766	       0.868599	       0.868255	       0.903061	       0.918525	       0.912123	       0.833187	       0.858343	       0.860265	       0.868654	              0	              0	              0	              0	              0	              0	              0	              0	              0	              0	              0	              0	              0	              0	              0	              0	              0	              0	              0	              0	              0	              0	              0	              0	              0	              0	              0	              0	              0	              0	              0	              0	              0	              0	              0	              0	              0	              0	              0	              0	              0	              0	              0	              0	              0	              0	              0	              0	              0	              0	              0	              0	              0	              0	              0	              0	              0	              0	              0	              0	              0	              0	              0	              0	              0	              0	              0	              0	              0	              0	              0	              0	              0	              0	              0	              0	              0	              0	              0	              0	              0	              0	              0	              0	              0	              0	              0	              0	              0	              0	              0	              0	              0	              0	              0	              0	              0	              0	              0	              0	              0	              0	              0	              0	              0	              0	              0	              0	              0	              0	              0	              0	              0	              0	              0	              0	              0	              0	              0	              0	              0	              0	              0	              0	              0	              0	              0	              0	              0	              0	              0	              0	              0	              0	              0	              0	              0	              0	              0	              0	              0	              0	              0	              0	              0	              0	              0	              0	              0	              0	              0	              0	              0	              0	              0	              0	              0	              0	              0	              0	              0	              0	              0	              0	              0	              0	              0	              0	              0	              0	              0	              0	              0	              0	              0	              0	              0	              0	              0	              0	              0	              0	              0	              0	              0	              0
	      -0.858055	      -0.354091	     -0.0217081	      -0.051054	      -0.250181	      -0.260327	      -0.300211	       0.200163	        0.21397	       0.188008	       0.168862	       0.154675	       0.110871	      0.0794143	              0	              0	              0	              0	              0	              0	              0	              0	              0	              0	              0	              0	              0	              0	              0	              0	              0	              0	              0	              0	              0	              0	              0	              0	              0	              0	              0	              0	              0	              0	              0	              0	              0	              0	              0	              0	              0	              0	              0	              0	              0	              0	              0	              0	              0	              0	              0	              0	              0	              0	              0	              0	              0	              0	              0	              0	              0	              0	              0	              0	              0	              0	              0	              0	              0	              0	              0	              0	              0	              0	              0	              0	              0	              0	              0	              0	              0	              0	              0	              0	              0	              0	              0	              0	              0	              0	              0	              0	              0	              0	              0	              0	              0	              0	              0	              0	              0	              0	              0	              0	              0	              0	              0	              0	              0	              0	              0	              0	              0	              0	              0	              0	              0	              0	              0	              0	              0	              0	              0	              0	              0	              0	              0	              0	              0	              0	              0	              0	              0	              0	              0	              0	              0	              0	              0	              0	              0	              0	              0	              0	              0	              0	              0	              0	              0	              0	              0	              0	              0	              0	              0	              0	              0	              0	              0	              0	              0	              0	              0	              0	              0	              0	              0	              0	              0	              0	              0	              0	              0	              0	              0	              0	              0	              0	              0	              0	              0	              0	              0	              0	              0	              0	              0	              0	              0	              0
	       -4.51923	       -4.50238	       -4.48083	       -4.49412	        -4.5194	       -4.52185	       -4.52331	       -4.51193	       -4.51467	       -4.50911	       -4.50305	       -4.50342	       -4.50486	       -4.50541	              0	              0	              0	              0	              0	              0	              0	              0	              0	              0	              0	              0	              0	              0	              0	              0	              0	              0	              0	              0	              0	              0	              0	              0	              0	              0	              0	              0	              0	              0	              0	              0	              0	              0	              0	              0	              0	              0	              0	              0	              0	              0	              0	              0	              0	              0	              0	              0	              0	              0	              0	              0	              0	              0	              0	              0	              0	              0	              0	              0	              0	              0	              0	              0	              0	              0	              0	              0	              0	              0	              0	              0	              0	              0	              0	              0	              0	              0	              0	              0	              0	              0	              0	              0	              0	              0	              0	              0	              0	              0	              0	              0	              0	              0	              0	              0	              0	              0	              0	              0	              0	              0	              0	              0	              0	              0	              0	              0	              0	              0	              0	              0	              0	              0	              0	              0	              0	              0	              0	              0	              0	              0	              0	              0	              0	              0	              0	              0	              0	              0	              0	              0	              0	              0	              0	              0	              0	              0	              0	              0	              0	              0	              0	              0	              0	              0	              0	              0	              0	              0	              0	              0	              0	              0	              0	              0	              0	              0	              0	              0	              0	              0	              0	              0	              0	              0	              0	              0	              0	              0	              0	              0	              0	              0	              0	              0	              0	              0	              0	              0	              0	              0	              0	              0	              0	              0
	       -4.98712	       -4.93228	       -4.92247	       -4.92767	       -4.93394	       -4.93222	       -4.92986	       -4.93172	       -4.94401	       -4.95128	       -4.94734	       -4.95194	         -4.951	       -4.95068	              0	              0	              0	              0	              0	              0	              0	              0	              0	              0	              0	              0	              0	              0	              0	              0	              0	              0	              0	              0	              0	              0	              0	              0	              0	              0	              0	              0	              0	              0	              0	              0	              0	              0	              0	              0	              0	              0	              0	              0	              0	              0	              0	              0	              0	              0	              0	              0	              0	              0	              0	              0	              0	              0	              0	              0	              0	              0	              0	              0	              0	              0	              0	              0	              0	              0	              0	              0	              0	              0	              0	              0	              0	              0	              0	              0	              0	              0	              0	              0	              0	              0	              0	              0	              0	              0	              0	              0	              0	              0	              0	              0	              0	              0	              0	              0	              0	              0	              0	              0	              0	              0	              0	              0	              0	              0	              0	              0	              0	              0	              0	              0	              0	              0	              0	              0	              0	              0	              0	              0	              0	              0	              0	              0	              0	              0	              0	              0	              0	              0	              0	              0	              0	              0	              0	              0	              0	              0	              0	              0	              0	              0	              0	              0	              0	              0	              0	              0	              0	              0	              0	              0	              0	              0	              0	              0	              0	              0	              0	              0	              0	              0	              0	              0	              0	              0	              0	              0	              0	              0	              0	              0	              0	              0	              0	              0	              0	              0	              0	              0	              0	              0	              0	              0	              0	              0
	       0.310867	       0.255288	       0.278216	       0.278451	       0.278026	        0.28221	        0.27748	       0.253622	        0.25904	       0.261639	       0.265822	       0.260831	       0.261771	       0.261789	              0	              0	              0	              0	              0	              0	              0	              0	              0	              0	              0	              0	              0	              0	              0	              0	              0	              0	              0	              0	              0	              0	              0	              0	              0	              0	              0	              0	              0	              0	              0	              0	              0	              0	              0	              0	              0	              0	              0	              0	              0	              0	              0	              0	              0	              0	              0	              0	              0	              0	              0	              0	              0	              0	              0	              0	              0	              0	              0	              0	              0	              0	              0	              0	              0	              0	              0	              0	              0	              0	              0	              0	              0	              0	              0	              0	              0	              0	              0	              0	              0	              0	              0	              0	              0	              0	              0	              0	              0	              0	              0	              0	              0	              0	              0	              0	              0	              0	              0	              0	              0	              0	              0	              0	              0	              0	              0	              0	              0	              0	              0	              0	              0	              0	              0	              0	              0	              0	              0	              0	              0	              0	              0	              0	              0	              0	              0	              0	              0	              0	              0	              0	              0	              0	              0	              0	              0	              0	              0	              0	              0	              0	              0	              0	              0	              0	              0	              0	              0	              0	              0	              0	              0	              0	              0	              0	              0	              0	              0	              0	              0	              0	              0	              0	              0	              0	              0	              0	              0	              0	              0	              0	              0	              0	              0	              0	              0	              0	              0	              0	              0	              0	              0	              0	              0	              0
	        3.49197	        3.56952	        3.58214	        3.54679	         3.5516	        3.55407	        3.55205	        3.57848	        3.56742	        3.55717	        3.55597	        3.54981	        3.55344	        3.55385	              0	              0	              0	              0	              0	              0	              0	              0	              0	              0	              0	              0	              0	              0	              0	              0	              0	              0	              0	              0	              0	              0	              0	              0	              0	              0	              0	              0	              0	              0	              0	              0	              0	              0	              0	              0	              0	              0	              0	              0	              0	              0	              0	              0	              0	              0	              0	              0	              0	              0	              0	              0	              0	              0	              0	              0	              0	              0	              0	              0	              0	              0	              0	              0	              0	              0	              0	              0	              0	              0	              0	              0	              0	              0	              0	              0	              0	              0	              0	              0	              0	              0	              0	              0	              0	              0	              0	              0	              0	              0	              0	              0	              0	              0	              0	              0	              0	              0	              0	              0	              0	              0	              0	              0	              0	              0	              0	              0	              0	              0	              0	              0	              0	              0	              0	              0	              0	              0	              0	              0	              0	              0	              0	              0	              0	              0	              0	              0	              0	              0	              0	              0	              0	              0	              0	              0	              0	              0	              0	              0	              0	              0	              0	              0	              0	              0	              0	              0	              0	              0	              0	              0	              0	              0	              0	              0	              0	              0	              0	              0	              0	              0	              0	              0	              0	              0	              0	              0	              0	              0	              0	              0	              0	              0	              0	              0	              0	              0	              0	              0	              0	              0	              0	              0	              0	              0
	         3.0351	        3.10287	        3.09567	        3.05856	        3.09426	        3.10573	        3.09901	        3.14477	        3.13614	        3.11712	        3.10465	        3.09925	         3.1041	        3.10389	              0	              0	              0	              0	              0	              0	              0	              0	              0	              0	              0	              0	              0	              0	              0	              0	              0	              0	              0	              0	              0	              0	              0	              0	              0	              0	              0	              0	              0	              0	              0	              0	              0	              0	              0	              0	              0	              0	              0	              0	              0	              0	              0	              0	              0	              0	              0	              0	              0	              0	              0	              0	              0	              0	              0	              0	              0	              0	              0	              0	              0	              0	              0	              0	              0	              0	              0	              0	              0	              0	              0	              0	              0	              0	              0	              0	              0	              0	              0	              0	              0	              0	              0	              0	              0	              0	              0	              0	              0	              0	              0	              0	              0	              0	              0	              0	              0	              0	              0	              0	              0	              0	              0	              0	              0	              0	              0	              0	              0	              0	              0	              0	              0	              0	              0	              0	              0	              0	              0	              0	              0	              0	              0	              0	              0	              0	              0	              0	              0	              0	              0	              0	              0	              0	              0	              0	              0	              0	              0	              0	              0	              0	              0	              0	              0	              0	              0	              0	              0	              0	              0	              0	              0	              0	              0	              0	              0	              0	              0	              0	              0	              0	              0	              0	              0	              0	              0	              0	              0	              0	              0	              0	              0	              0	              0	              0	              0	              0	              0	              0	              0	              0	              0	              0	              0	              0
	        1.33168	         1.2586	        1.25001	        1.35828	        1.32665	        1.31723	        1.31818	        1.28494	        1.31191	        1.35723	        1.36447	        1.38136	        1.37318	        1.37095	              0	              0	              0	              0	              0	              0	              0	              0	              0	              0	              0	              0	              0	              0	              0	              0	              0	              0	              0	              0	              0	              0	              0	              0	              0	              0	              0	              0	              0	              0	              0	              0	              0	              0	              0	              0	              0	              0	              0	              0	              0	              0	              0	              0	              0	              0	              0	              0	              0	              0	              0	              0	              0	              0	              0	              0	              0	              0	              0	              0	              0	              0	              0	              0	              0	              0	              0	              0	              0	              0	              0	              0	              0	              0	              0	              0	              0	              0	              0	              0	              0	              0	              0	              0	              0	              0	              0	              0	              0	              0	              0	              0	              0	              0	              0	              0	              0	              0	              0	              0	              0	              0	              0	              0	              0	              0	              0	              0	              0	              0	              0	              0	              0	              0	              0	              0	              0	              0	              0	              0	              0	              0	              0	              0	              0	              0	              0	              0	              0	              0	              0	              0	              0	              0	              0	              0	              0	              0	              0	              0	              0	              0	              0	              0	              0	              0	              0	              0	              0	              0	              0	              0	              0	              0	              0	              0	              0	              0	              0	              0	              0	              0	              0	              0	              0	              0	              0	              0	              0	              0	              0	              0	              0	              0	              0	              0	              0	              0	              0	              0	              0	              0	              0	              0	              0	              0
	       0.927542	      -0.559524	       0.143095	       0.203316	      -0.254804	      -0.296221	      -0.260395	      -0.867033	      -0.543835	      -0.403502	      -0.351779	      -0.184572	      -0.210666	      -0.240097	              0	              0	              0	              0	              0	              0	              0	              0	              0	              0	              0	              0	              0	              0	              0	              0	              0	              0	              0	              0	              0	              0	              0	              0	              0	              0	              0	              0	              0	              0	              0	              0	              0	              0	              0	              0	              0	              0	              0	              0	              0	              0	              0	              0	              0	              0	              0	              0	              0	              0	              0	              0	              0	              0	              0	              0	              0	              0	              0	              0	              0	              0	              0	              0	              0	              0	              0	              0	              0	              0	              0	              0	              0	              0	              0	              0	              0	              0	              0	              0	              0	              0	              0	              0	              0	              0	              0	              0	              0	              0	              0	              0	              0	              0	              0	              0	              0	              0	              0	              0	              0	              0	              0	              0	              0	              0	              0	              0	              0	              0	              0	              0	              0	              0	              0	              0	              0	              0	              0	              0	              0	              0	              0	              0	              0	              0	              0	              0	              0	              0	              0	              0	              0	              0	              0	              0	              0	              0	              0	              0	              0	              0	              0	              0	              0	              0	              0	              0	              0	              0	              0	              0	              0	              0	              0	              0	              0	              0	              0	              0	              0	              0	              0	              0	              0	              0	              0	              0	              0	              0	              0	              0	              0	              0	              0	              0	              0	              0	              0	              0	              0	              0	              0	              0	              0	              0
	       -6.78154	       -6.82875	       -6.94867	       -6.99293	       -6.85298	       -6.84777	        -6.8423	       -6.82895	       -6.80719	       -6.84234	       -6.84455	       -6.80467	       -6.79779	       -6.78969	              0	              0	              0	              0	              0	              0	              0	              0	              0	              0	              0	              0	              0	              0	              0	              0	              0	              0	              0	              0	              0	              0	              0	              0	              0	              0	              0	              0	              0	              0	              0	              0	              0	              0	              0	              0	              0	              0	              0	              0	              0	              0	              0	              0	              0	              0	              0	              0	              0	              0	              0	              0	              0	              0	              0	              0	              0	              0	              0	              0	              0	              0	              0	              0	              0	              0	              0	              0	              0	              0	              0	              0	              0	              0	              0	              0	              0	              0	              0	              0	              0	              0	              0	              0	              0	              0	              0	              0	              0	              0	              0	              0	              0	              0	              0	              0	              0	              0	              0	              0	              0	              0	              0	              0	              0	              0	              0	              0	              0	              0	              0	              0	              0	              0	              0	              0	              0	              0	              0	              0	              0	              0	              0	              0	              0	              0	              0	              0	              0	              0	              0	              0	              0	              0	              0	              0	              0	              0	              0	              0	              0	              0	              0	              0	              0	              0	              0	              0	              0	              0	              0	              0	              0	              0	              0	              0	              0	              0	              0	              0	              0	              0	              0	              0	              0	              0	              0	              0	              0	              0	              0	              0	              0	              0	              0	              0	              0	              0	              0	              0	              0	              0	              0	              0	              0	              0
	        2.05557	        1.86803	        1.86605	        1.88574	        1.84113	        1.83677	          1.832	        1.78249	        1.77182	        1.75796	        1.73349	        1.69754	        1.69891	        1.69564	              0	              0	              0	              0	              0	              0	              0	              0	              0	              0	              0	              0	              0	              0	              0	              0	              0	              0	              0	              0	              0	              0	              0	              0	              0	              0	              0	              0	              0	              0	              0	              0	              0	              0	              0	              0	              0	              0	              0	              0	              0	              0	              0	              0	              0	              0	              0	              0	              0	              0	              0	              0	              0	              0	              0	              0	              0	              0	              0	              0	              0	              0	              0	              0	              0	              0	              0	              0	              0	              0	              0	              0	              0	              0	              0	              0	              0	              0	              0	              0	              0	              0	              0	              0	              0	              0	              0	              0	              0	              0	              0	              0	              0	              0	              0	              0	              0	              0	              0	              0	              0	              0	              0	              0	              0	              0	              0	              0	              0	              0	              0	              0	              0	              0	              0	              0	              0	              0	              0	              0	              0	              0	              0	              0	              0	              0	              0	              0	              0	              0	              0	              0	              0	              0	              0	              0	              0	              0	              0	              0	              0	              0	              0	              0	              0	              0	              0	              0	              0	              0	              0	              0	              0	              0	              0	              0	              0	              0	              0	              0	              0	              0	              0	              0	              0	              0	              0	              0	              0	              0	              0	              0	              0	              0	              0	              0	              0	              0	              0	              0	              0	              0	              0	              0	              0	              0
