cholIMIS 0
	              0	              0	              0	              0	              0	              0	              0	              0	              0	              0	              0
	              0	              0	              0	              0	              0	              0	              0	              0	              0	              0	              0
	              0	              0	              0	              0	              0	              0	              0	              0	              0	              0	              0
	              0	              0	              0	              0	              0	              0	              0	              0	              0	              0	              0
	              0	              0	              0	              0	              0	              0	              0	              0	              0	              0	              0
	              0	              0	              0	              0	              0	              0	              0	              0	              0	              0	              0
	              0	              0	              0	              0	              0	              0	              0	              0	              0	              0	              0
	              0	              0	              0	              0	              0	              0	              0	              0	              0	              0	              0
	              0	              0	              0	              0	              0	              0	              0	              0	              0	              0	              0
	              0	              0	              0	              0	              0	              0	              0	              0	              0	              0	              0
	              0	              0	              0	              0	              0	              0	              0	              0	              0	              0	              0
cholIMIS 1
	       0.366444	     0.00557192	    0.000691785	     0.00417139	    -0.00623219	   -0.000486643	     -0.0084471	     -0.0151621	       0.134908	      0.0365588	      0.0414653
	              0	       0.740872	     -0.0197081	    -0.00352271	      -0.005014	     0.00150996	    -0.00502149	    -0.00947157	      0.0557096	      0.0255319	     0.00608935
	              0	              0	       0.232411	     -0.0175209	     0.00427082	      0.0040384	     0.00155126	      0.0158857	     -0.0196429	     -0.0182039	     -0.0130538
	              0	              0	              0	        0.21648	    -0.00101888	    0.000146316	     0.00183956	    -0.00577881	     -0.0425647	    -0.00608849	    -0.00689352
	              0	              0	              0	              0	        0.06148	     0.00579067	      0.0112313	      0.0540147	      -0.140511	     -0.0653804	     -0.0651762
	              0	              0	              0	              0	              0	      0.0810544	   -0.000691659	      0.0050412	     -0.0645679	     -0.0113147	     -0.0059423
	              0	              0	              0	              0	              0	              0	      0.0580816	      0.0484527	       -0.14997	      -0.052983	     -0.0603452
	              0	              0	              0	              0	              0	              0	              0	       0.259321	      -0.106973	      -0.062028	     -0.0416672
	              0	              0	              0	              0	              0	              0	              0	              0	       0.799846	      0.0488251	      0.0477312
	              0	              0	              0	              0	              0	              0	              0	              0	              0	       0.286461	      0.0401007
	              0	              0	              0	              0	              0	              0	              0	              0	              0	              0	       0.228448
cholIMIS 2
	       0.336008	      0.0616414	     -0.0018697	      0.0125045	    -0.00533782	    0.000245941	     0.00600488	      0.0385962	     -0.0689629	     -0.0233576	      0.0173513
	              0	       0.697258	    -0.00525058	    -0.00826155	    -0.00335191	     0.00567164	      0.0093618	       0.044822	     -0.0715961	     -0.0291216	    0.000819818
	              0	              0	       0.202979	     0.00232096	     0.00193315	    -0.00118694	    -0.00181295	     -0.0135047	     -0.0455161	      0.0128564	    -0.00756691
	              0	              0	              0	       0.178455	     0.00216792	     0.00277523	    -0.00122519	    -0.00938586	      0.0400919	    -0.00256664	   -0.000563882
	              0	              0	              0	              0	      0.0522528	    -0.00094288	    -0.00492717	     -0.0145518	      0.0188549	       0.024847	     -0.0071318
	              0	              0	              0	              0	              0	      0.0696099	     0.00183394	     0.00230033	     0.00377387	      -0.010693	     0.00978092
	              0	              0	              0	              0	              0	              0	      0.0509346	      0.0573195	      -0.173206	     -0.0452898	     -0.0124346
	              0	              0	              0	              0	              0	              0	              0	       0.225171	      -0.120179	     -0.0332944	      0.0143939
	              0	              0	              0	              0	              0	              0	              0	              0	        0.71841	      0.0307915	       0.010544
	              0	              0	              0	              0	              0	              0	              0	              0	              0	       0.258582	    -0.00413781
	              0	              0	              0	              0	              0	              0	              0	              0	              0	              0	       0.194928
cholIMIS 3
	       0.244286	      -0.333645	     -0.0798886	       0.068684	    -0.00528414	    -0.00642809	      0.0187733	    -0.00945989	      -0.212117	       0.126894	     -0.0920847
	              0	       0.511522	      0.0372275	      -0.033401	     0.00147141	     0.00349374	    -0.00538263	      0.0444151	       0.057443	     -0.0672008	      0.0263829
	              0	              0	       0.125072	     -0.0193462	    0.000315107	     0.00501037	    -0.00552927	     -0.0192439	      0.0481179	      -0.065629	      0.0705971
	              0	              0	              0	      0.0983908	     0.00129267	    -0.00250176	     0.00368699	     0.00296058	     -0.0419172	      0.0333793	     -0.0433825
	              0	              0	              0	              0	      0.0266871	    -0.00258674	    -0.00178404	    7.58876e-05	      0.0186069	      0.0233718	     -0.0281692
	              0	              0	              0	              0	              0	      0.0351487	   -0.000615933	     -0.0109741	      0.0156136	     -0.0262253	      0.0347523
	              0	              0	              0	              0	              0	              0	      0.0270673	      0.0118069	      -0.108307	     0.00638032	     -0.0312359
	              0	              0	              0	              0	              0	              0	              0	       0.125949	    -0.00690905	     -0.0121101	      -0.015538
	              0	              0	              0	              0	              0	              0	              0	              0	       0.399657	     -0.0012606	     0.00752689
	              0	              0	              0	              0	              0	              0	              0	              0	              0	       0.172453	     -0.0768755
	              0	              0	              0	              0	              0	              0	              0	              0	              0	              0	       0.132444
cholIMIS 4
	       0.198896	       0.155016	     -0.0306678	    -0.00360892	       0.012666	     -0.0267689	     0.00706446	      0.0288818	      -0.358701	      0.0797921	     -0.0618583
	              0	       0.531025	      0.0414986	     -0.0444757	     -0.0161395	     0.00741926	      0.0111881	      0.0275091	      -0.080818	     -0.0495044	      0.0163512
	              0	              0	      0.0625008	    -0.00816297	    -0.00448554	      0.0100366	     0.00653871	    -0.00850524	      0.0184876	    -0.00368333	     0.00584445
	              0	              0	              0	      0.0555517	    -0.00449329	       0.005476	    -0.00237134	     -0.0268174	     -0.0453212	     -0.0245728	      0.0139255
	              0	              0	              0	              0	      0.0269601	     -0.0162961	    -0.00724724	      0.0279601	      0.0533246	      0.0231474	     -0.0346194
	              0	              0	              0	              0	              0	      0.0279486	      0.0121662	     -0.0118856	      0.0185992	   -0.000816087	    -0.00688772
	              0	              0	              0	              0	              0	              0	      0.0225984	     0.00583547	     -0.0986237	      0.0516283	     -0.0528808
	              0	              0	              0	              0	              0	              0	              0	      0.0807567	      0.0497281	     -0.0228526	    -0.00418673
	              0	              0	              0	              0	              0	              0	              0	              0	       0.302117	     -0.0357835	      0.0477428
	              0	              0	              0	              0	              0	              0	              0	              0	              0	       0.116965	     -0.0762108
	              0	              0	              0	              0	              0	              0	              0	              0	              0	              0	      0.0889897
cholIMIS 5
	        0.30526	       0.180988	      0.0111484	     -0.0356404	      0.0315255	     -0.0220814	    -0.00718464	      0.0222317	     -0.0576352	    -0.00121795	      0.0437137
	              0	       0.384614	      0.0158637	     -0.0149935	    -0.00580533	     0.00272464	     0.00619076	      0.0362139	     0.00640423	     -0.0452677	    -0.00465341
	              0	              0	      0.0513486	     -0.0238645	     0.00792173	     0.00603573	     -0.0034147	     -0.0104168	       0.212468	      -0.032812	      0.0475766
	              0	              0	              0	      0.0398614	    -0.00602493	     0.00260769	    -0.00123906	     -0.0138374	     -0.0679136	     -0.0106572	    -0.00606555
	              0	              0	              0	              0	      0.0212125	    -0.00693272	     -0.0041833	      0.0088745	       0.152799	     -0.0125512	     0.00107549
	              0	              0	              0	              0	              0	      0.0192939	     0.00501565	     -0.0143784	       0.118755	     -0.0251987	      0.0312314
	              0	              0	              0	              0	              0	              0	      0.0180427	      0.0195229	     -0.0584895	      0.0370241	     -0.0500138
	              0	              0	              0	              0	              0	              0	              0	      0.0568015	     0.00914844	     -0.0175012	     -0.0134431
	              0	              0	              0	              0	              0	              0	              0	              0	       0.291955	     -0.0331637	      0.0311143
	              0	              0	              0	              0	              0	              0	              0	              0	              0	      0.0820917	      -0.059086
	              0	              0	              0	              0	              0	              0	              0	              0	              0	              0	      0.0620613
cholIMIS 6
	       0.567933	      -0.594098	     -0.0059474	     -0.0166566	     0.00713226	    -0.00979199	    -0.00308529	     0.00681332	       0.245386	      0.0100286	       0.100327
	              0	       0.771242	     -0.0114183	     0.00510795	     -0.0128756	     0.00512986	     -0.0043399	      -0.041372	      0.0130385	       0.043324	    -0.00204803
	              0	              0	       0.179224	    -0.00887034	     0.00234458	     0.00386419	    0.000834146	      0.0118874	     -0.0132531	    -0.00465223	     -0.0179501
	              0	              0	              0	       0.167128	    -0.00130186	   -0.000425403	     0.00284279	   -0.000609589	       -0.02488	     -0.0133151	     -0.0137026
	              0	              0	              0	              0	      0.0501152	     0.00283744	     0.00634842	      0.0454941	      -0.115635	     -0.0423171	     -0.0215076
	              0	              0	              0	              0	              0	      0.0633025	    -0.00179147	    -0.00404965	     -0.0253648	      -0.017798	     -0.0130123
	              0	              0	              0	              0	              0	              0	      0.0440636	      0.0242172	     -0.0759764	     -0.0246972	     -0.0461095
	              0	              0	              0	              0	              0	              0	              0	       0.205536	     -0.0701238	     -0.0405365	     -0.0343053
	              0	              0	              0	              0	              0	              0	              0	              0	        0.62081	      0.0244595	      0.0212335
	              0	              0	              0	              0	              0	              0	              0	              0	              0	       0.219644	      0.0224111
	              0	              0	              0	              0	              0	              0	              0	              0	              0	              0	       0.180706
cholIMIS 7
	        0.35584	      -0.332876	   -0.000549881	     -0.0156716	     0.00341845	    -0.00661368	    -0.00866688	    0.000916855	       0.169187	      0.0276311	      0.0728503
	              0	       0.748623	    0.000651737	      0.0273179	     -0.0157617	     0.00737073	    0.000215736	     -0.0535878	      0.0552475	     0.00967115	     -0.0316324
	              0	              0	       0.162954	   -2.52934e-06	    -0.00271673	    0.000679552	   -0.000875712	     -0.0112411	      0.0262693	    -0.00519831	    -0.00203413
	              0	              0	              0	       0.153724	    -0.00505046	   -0.000161068	    -0.00154402	      -0.029148	      0.0601182	     0.00383579	     -0.0101507
	              0	              0	              0	              0	      0.0488165	    -0.00204219	     0.00688541	       0.108776	      -0.260421	     -0.0462788	     -0.0125868
	              0	              0	              0	              0	              0	      0.0569056	      0.0015879	    -0.00206506	     -0.0358661	    -0.00804677	     -0.0154398
	              0	              0	              0	              0	              0	              0	      0.0394089	      0.0548074	      -0.165643	     -0.0507631	     -0.0320531
	              0	              0	              0	              0	              0	              0	              0	       0.200251	      -0.168936	     -0.0490383	    -0.00706093
	              0	              0	              0	              0	              0	              0	              0	              0	       0.569234	      0.0320349	      0.0197775
	              0	              0	              0	              0	              0	              0	              0	              0	              0	       0.199235	     0.00865555
	              0	              0	              0	              0	              0	              0	              0	              0	              0	              0	       0.162865
cholIMIS 8
	       0.242058	      -0.189488	      0.0355464	      -0.043803	      0.0247219	    -0.00815093	     -0.0129283	      0.0482368	      -0.379223	      0.0863049	     -0.0943705
	              0	       0.354926	    -0.00871911	      0.0337503	    -0.00703655	      0.0154471	      0.0155306	     -0.0648267	       0.353517	     -0.0220922	     0.00559262
	              0	              0	      0.0640759	     -0.0104246	     0.00424686	     0.00218376	    -0.00156174	   -0.000931491	     -0.0787469	      0.0309441	     -0.0442141
	              0	              0	              0	      0.0742089	    -0.00602361	      0.0179196	      0.0120097	     -0.0966263	       0.493026	    -0.00788871	      0.0269399
	              0	              0	              0	              0	      0.0225307	     0.00159616	     0.00141116	      0.0302863	      -0.134132	    0.000327821	     -0.0417703
	              0	              0	              0	              0	              0	      0.0323563	      0.0112898	     -0.0815211	       0.342005	      0.0337868	     -0.0198206
	              0	              0	              0	              0	              0	              0	      0.0199112	     -0.0104119	        0.16078	     -0.0171716	     0.00648238
	              0	              0	              0	              0	              0	              0	              0	       0.104729	      -0.266517	     -0.0375434	    -0.00415211
	              0	              0	              0	              0	              0	              0	              0	              0	       0.318404	     -0.0169156	      0.0406963
	              0	              0	              0	              0	              0	              0	              0	              0	              0	       0.102402	     -0.0411669
	              0	              0	              0	              0	              0	              0	              0	              0	              0	              0	      0.0785177
cholIMIS 9
	        0.25734	      -0.108792	     0.00773786	     0.00553038	      0.0193882	    -0.00156334	    -0.00949579	     -0.0348636	       0.107842	      0.0153483	     -0.0217658
	              0	       0.570319	      0.0075107	      0.0246856	    -0.00132931	      0.0144658	     0.00201693	     -0.0332481	       0.128355	     0.00734641	      -0.110701
	              0	              0	      0.0610576	     -0.0120504	     0.00116117	     0.00302967	     0.00282834	     -0.0200418	      0.0351281	      0.0162019	      0.0064225
	              0	              0	              0	      0.0650388	    -0.00200132	     0.00931688	     0.00385156	     -0.0502157	       0.199693	     -0.0138306	   -0.000921592
	              0	              0	              0	              0	      0.0235618	    0.000777678	    0.000752896	     0.00753314	      0.0123519	     -0.0145243	    -0.00879213
	              0	              0	              0	              0	              0	      0.0280275	      0.0114024	     -0.0744169	       0.280654	     0.00977341	      0.0103306
	              0	              0	              0	              0	              0	              0	      0.0259282	     -0.0299164	       0.219736	     -0.0012879	      0.0413604
	              0	              0	              0	              0	              0	              0	              0	       0.119528	      -0.277686	     -0.0395743	     -0.0423762
	              0	              0	              0	              0	              0	              0	              0	              0	       0.326439	     -0.0196239	      0.0395184
	              0	              0	              0	              0	              0	              0	              0	              0	              0	       0.111397	     -0.0490002
	              0	              0	              0	              0	              0	              0	              0	              0	              0	              0	      0.0916286
cholIMIS 10
	       0.176323	    -0.00732498	     -0.0232977	      0.0265181	    -0.00267304	    -0.00539814	    -0.00993919	     -0.0284737	     -0.0883042	     -0.0312701	      0.0364205
	              0	       0.426254	     -0.0191945	      0.0295899	     -0.0113347	     0.00701069	    -0.00221851	     0.00098341	      0.0151689	     -0.0430346	     -0.0171801
	              0	              0	       0.043938	     -0.0281813	     0.00448543	     0.00169276	     0.00104223	    0.000216942	      0.0580206	      0.0365794	     -0.0279253
	              0	              0	              0	       0.041909	     0.00149595	      0.0112379	     0.00140988	     -0.0383564	      0.0851257	     -0.0472615	       0.027721
	              0	              0	              0	              0	      0.0286456	     0.00595077	     0.00577691	      0.0293539	      0.0885344	     -0.0292665	     -0.0318019
	              0	              0	              0	              0	              0	      0.0168393	     0.00966087	     -0.0176808	        0.11106	     -0.0149788	   -5.14635e-05
	              0	              0	              0	              0	              0	              0	      0.0182304	    0.000572278	     0.00883298	     0.00440531	    -0.00120236
	              0	              0	              0	              0	              0	              0	              0	      0.0702502	     -0.0672344	     -0.0312505	     -0.0341539
	              0	              0	              0	              0	              0	              0	              0	              0	       0.265778	      0.0258232	    -0.00805859
	              0	              0	              0	              0	              0	              0	              0	              0	              0	      0.0811153	     -0.0653524
	              0	              0	              0	              0	              0	              0	              0	              0	              0	              0	      0.0543539
cholIMIS 11
	       0.293229	     0.00124749	      0.0316835	     -0.0186234	     0.00277134	     0.00973656	      0.0130137	     -0.0778425	      0.0657096	      0.0770387	     0.00515143
	              0	       0.486837	      0.0073111	     0.00862449	    -0.00370872	      0.0123868	     0.00856362	     -0.0151746	     -0.0413512	     -0.0304026	     -0.0183421
	              0	              0	      0.0578048	     -0.0334725	    -0.00580627	     0.00935307	     0.00931299	     -0.0303299	      0.0661442	      0.0549172	     -0.0179159
	              0	              0	              0	      0.0395408	    -0.00110907	     0.00548428	   -0.000281238	     -0.0295316	       0.047532	     -0.0207879	      0.0165698
	              0	              0	              0	              0	      0.0263545	    -0.00241434	   -0.000892012	      0.0101555	      0.0795309	    -0.00740205	   -0.000888534
	              0	              0	              0	              0	              0	      0.0191033	      0.0129099	     -0.0464091	       0.106281	      0.0221462	      0.0150224
	              0	              0	              0	              0	              0	              0	      0.0200035	     -0.0291478	      0.0109027	       0.024014	      0.0268355
	              0	              0	              0	              0	              0	              0	              0	      0.0859594	      -0.142731	     -0.0442243	     -0.0497911
	              0	              0	              0	              0	              0	              0	              0	              0	       0.253422	      0.0240235	    -0.00369558
	              0	              0	              0	              0	              0	              0	              0	              0	              0	        0.07915	     -0.0515366
	              0	              0	              0	              0	              0	              0	              0	              0	              0	              0	      0.0665388
cholIMIS 12
	       0.201774	      -0.015787	    -0.00808297	      0.0115256	   -0.000435673	     0.00546871	     0.00861687	     -0.0579657	     -0.0549914	      0.0750125	     -0.0366387
	              0	       0.348656	    -0.00444774	      0.0142159	     -0.0105715	     0.00765073	    0.000636176	      -0.025887	      0.0367947	     -0.0142749	     -0.0109118
	              0	              0	      0.0428197	     -0.0303264	      0.0155453	     0.00315446	     0.00303199	     -0.0182911	     -0.0109451	     -0.0344403	      0.0550525
	              0	              0	              0	      0.0280345	     0.00104972	     0.00724215	     0.00100446	     -0.0300801	      0.0109445	     -0.0244639	      0.0122103
	              0	              0	              0	              0	       0.027215	    -0.00137322	    -0.00358745	      0.0292909	      -0.047446	     -0.0945904	      0.0485101
	              0	              0	              0	              0	              0	      0.0130949	      0.0122239	     -0.0356575	      0.0525188	      0.0278756	     -0.0119511
	              0	              0	              0	              0	              0	              0	       0.016261	     -0.0195581	    -0.00192679	      0.0251068	      0.0104725
	              0	              0	              0	              0	              0	              0	              0	      0.0647341	     -0.0584419	    -0.00351758	     -0.0672202
	              0	              0	              0	              0	              0	              0	              0	              0	       0.267546	      0.0165234	    -0.00492919
	              0	              0	              0	              0	              0	              0	              0	              0	              0	      0.0847115	      -0.083785
	              0	              0	              0	              0	              0	              0	              0	              0	              0	              0	      0.0428349
cholIMIS 13
	       0.190764	      -0.049803	     -0.0138375	     0.00197286	     0.00197569	    0.000519054	      0.0145902	     -0.0373284	      -0.268269	      0.0963285	     -0.0462303
	              0	       0.347416	    -0.00841805	      0.0184003	     -0.0106612	     0.00729733	     0.00153052	      -0.023696	      0.0111448	    -0.00534624	     -0.0190227
	              0	              0	      0.0406171	     -0.0285074	      0.0111406	     0.00277286	    -0.00358961	     0.00452544	      0.0635161	     -0.0397058	      0.0358626
	              0	              0	              0	      0.0288323	      0.0008725	     0.00798818	   -0.000729813	     -0.0342452	       0.221389	     -0.0317393	      0.0297032
	              0	              0	              0	              0	      0.0232193	      0.0006952	    -0.00207827	      0.0212905	     -0.0131783	     -0.0780933	      0.0436282
	              0	              0	              0	              0	              0	      0.0147576	      0.0136854	     -0.0343101	       0.104612	       0.018391	     0.00342321
	              0	              0	              0	              0	              0	              0	       0.020049	     -0.0286765	      -0.127226	      0.0506564	     -0.0115314
	              0	              0	              0	              0	              0	              0	              0	      0.0647973	        -0.1021	     -0.0391946	     -0.0288601
	              0	              0	              0	              0	              0	              0	              0	              0	       0.351139	     0.00176924	     0.00735092
	              0	              0	              0	              0	              0	              0	              0	              0	              0	        0.08645	     -0.0781591
	              0	              0	              0	              0	              0	              0	              0	              0	              0	              0	      0.0413295
cholIMIS 14
	       0.226736	      0.0900161	     -0.0205597	      0.0165881	     0.00281008	    -0.00264637	     0.00729253	     -0.0277951	      -0.164399	      0.0140153	      0.0141024
	              0	       0.510234	   -0.000548742	     0.00121358	     0.00104537	     0.00183162	     0.00657347	    -0.00209631	      -0.188045	     -0.0553521	      0.0261245
	              0	              0	      0.0573406	     -0.0453695	    -0.00166025	     0.00425789	    -0.00311428	    -0.00898019	      0.0531685	      0.0315187	    -0.00166283
	              0	              0	              0	      0.0310372	    -0.00308861	     0.00962102	     0.00418781	     -0.0331475	       0.124953	      -0.019847	      0.0174245
	              0	              0	              0	              0	      0.0216132	    -0.00147443	    0.000804601	      0.0169208	      -0.010673	     -0.0181018	     -0.0028254
	              0	              0	              0	              0	              0	      0.0186767	      0.0170901	     -0.0514029	      0.0970554	      0.0294302	      0.0138968
	              0	              0	              0	              0	              0	              0	      0.0188578	      -0.028775	       0.032457	      0.0601845	     -0.0130537
	              0	              0	              0	              0	              0	              0	              0	      0.0711384	      -0.118795	     -0.0724748	    -0.00464652
	              0	              0	              0	              0	              0	              0	              0	              0	       0.306314	    -0.00752099	     0.00776299
	              0	              0	              0	              0	              0	              0	              0	              0	              0	       0.102783	     -0.0815516
	              0	              0	              0	              0	              0	              0	              0	              0	              0	              0	      0.0527926
cholIMIS 15
	       0.269725	     -0.0352123	      -0.038088	      0.0342356	       -0.01263	    -0.00660762	     0.00592056	      -0.012569	      -0.377432	      0.0134622	     0.00123348
	              0	       0.511379	     -0.0139957	     0.00261183	     0.00406162	     -0.0075775	    0.000814938	      0.0300942	      -0.294296	      -0.133133	        0.11655
	              0	              0	      0.0442432	     -0.0294907	     0.00163166	     0.00136375	    -0.00420426	    0.000533932	        0.14956	      0.0103645	    -0.00822178
	              0	              0	              0	      0.0359434	    -0.00616452	     0.00862147	     0.00429976	     -0.0364332	       0.109275	      0.0233222	     -0.0395089
	              0	              0	              0	              0	      0.0235258	   -0.000905388	      0.0014677	    -0.00222029	      0.0715833	      -0.004969	     0.00383414
	              0	              0	              0	              0	              0	      0.0163935	      0.0149618	     -0.0432132	       0.156848	      0.0724317	     -0.0547707
	              0	              0	              0	              0	              0	              0	      0.0204054	     -0.0263662	     -0.0241309	      0.0819251	     -0.0401163
	              0	              0	              0	              0	              0	              0	              0	      0.0690753	     -0.0676563	      -0.071069	     0.00537071
	              0	              0	              0	              0	              0	              0	              0	              0	       0.316204	      0.0131857	      -0.036021
	              0	              0	              0	              0	              0	              0	              0	              0	              0	       0.101906	      -0.104029
	              0	              0	              0	              0	              0	              0	              0	              0	              0	              0	      0.0566996
cholIMIS 16
	       0.238557	      -0.128517	    -0.00628597	     0.00790659	     0.00129352	     0.00325397	      0.0116072	     -0.0341968	      -0.143882	      0.0146347	      0.0283416
	              0	       0.476521	    -0.00490939	     0.00469413	     0.00624815	     0.00473765	      0.0063467	      0.0200141	      -0.141274	     -0.0528982	     -0.0148408
	              0	              0	      0.0583662	      -0.043088	     -0.0078316	    -0.00273802	     -0.0227835	   -0.000278848	     -0.0271777	      0.0330605	     -0.0292589
	              0	              0	              0	      0.0257101	    0.000203235	      0.0087141	     -0.0035639	     -0.0352219	      0.0944966	     -0.0317817	      0.0176237
	              0	              0	              0	              0	      0.0213032	    0.000483304	     0.00274332	      0.0123844	     -0.0341168	     -0.0140599	     -0.0112328
	              0	              0	              0	              0	              0	      0.0197287	      0.0263562	     -0.0303397	      0.0540435	     0.00780175	      0.0245808
	              0	              0	              0	              0	              0	              0	      0.0208132	     -0.0217891	    -0.00495226	      0.0498477	     -0.0041922
	              0	              0	              0	              0	              0	              0	              0	      0.0695641	      -0.115662	     -0.0836176	      0.0103979
	              0	              0	              0	              0	              0	              0	              0	              0	       0.321022	     -0.0173727	      0.0255551
	              0	              0	              0	              0	              0	              0	              0	              0	              0	       0.113114	      -0.100987
	              0	              0	              0	              0	              0	              0	              0	              0	              0	              0	      0.0389341
cholIMIS 17
	       0.199929	      0.0383534	     -0.0217114	      0.0132639	     0.00154245	     -0.0020836	      0.0132717	     -0.0180481	      -0.141015	      0.0398534	     -0.0261505
	              0	        0.37339	     -0.0204141	      0.0235771	     0.00208556	     0.00789092	      0.0111606	     -0.0269078	     -0.0453043	     -0.0101687	     -0.0138836
	              0	              0	      0.0729622	     -0.0796832	     -0.0067383	    -0.00959194	     -0.0126925	      0.0590889	       0.248508	      0.0663324	     -0.0572661
	              0	              0	              0	      0.0316401	    -0.00225721	      0.0083424	    -0.00913942	      -0.050483	     -0.0735215	     -0.0541208	      0.0484691
	              0	              0	              0	              0	      0.0265095	     0.00355639	     0.00700851	      0.0018002	     -0.0696692	     0.00961969	      -0.025471
	              0	              0	              0	              0	              0	      0.0185472	      0.0258641	     -0.0374584	      0.0983202	      0.0163948	      0.0212732
	              0	              0	              0	              0	              0	              0	      0.0177689	    -0.00814881	       0.126644	      0.0405921	     -0.0102806
	              0	              0	              0	              0	              0	              0	              0	      0.0616074	    -0.00690354	     -0.0573708	    -0.00820611
	              0	              0	              0	              0	              0	              0	              0	              0	       0.346285	     0.00644953	     0.00366826
	              0	              0	              0	              0	              0	              0	              0	              0	              0	        0.11177	      -0.106554
	              0	              0	              0	              0	              0	              0	              0	              0	              0	              0	      0.0353106
cholIMIS 18
	       0.402098	      -0.213838	      -0.039768	       0.030141	    -0.00897278	      -0.016939	    -0.00460368	     0.00913783	       -0.36076	      0.0264359	     -0.0441842
	              0	       0.432032	    0.000572079	    -0.00235698	     0.00304843	    0.000235251	     0.00909578	     0.00920837	      -0.122234	     -0.0491537	       0.026188
	              0	              0	      0.0391646	      -0.035439	     0.00140235	    0.000515127	   -0.000943763	      0.0209741	      0.0517327	     -0.0158067	    0.000212376
	              0	              0	              0	      0.0277432	    -0.00544891	     0.00762752	   -0.000916436	     -0.0395576	      0.0694536	      0.0128582	     -0.0106197
	              0	              0	              0	              0	      0.0267455	     0.00126603	     0.00933379	      0.0163791	      0.0725787	     -0.0314969	    -0.00253094
	              0	              0	              0	              0	              0	      0.0141706	      0.0178982	     -0.0400731	    -0.00676616	      0.0608944	     -0.0239293
	              0	              0	              0	              0	              0	              0	      0.0206421	     0.00748423	     -0.0351519	      0.0125713	      -0.019782
	              0	              0	              0	              0	              0	              0	              0	      0.0615205	     -0.0373449	     -0.0965376	      0.0216626
	              0	              0	              0	              0	              0	              0	              0	              0	       0.313131	      0.0156418	     -0.0257848
	              0	              0	              0	              0	              0	              0	              0	              0	              0	      0.0886747	     -0.0896842
	              0	              0	              0	              0	              0	              0	              0	              0	              0	              0	      0.0420729
