invIMIS 0
	              0	              0	              0	              0	              0	              0	              0	              0	              0	              0	              0
	              0	              0	              0	              0	              0	              0	              0	              0	              0	              0	              0
	              0	              0	              0	              0	              0	              0	              0	              0	              0	              0	              0
	              0	              0	              0	              0	              0	              0	              0	              0	              0	              0	              0
	              0	              0	              0	              0	              0	              0	              0	              0	              0	              0	              0
	              0	              0	              0	              0	              0	              0	              0	              0	              0	              0	              0
	              0	              0	              0	              0	              0	              0	              0	              0	              0	              0	              0
	              0	              0	              0	              0	              0	              0	              0	              0	              0	              0	              0
	              0	              0	              0	              0	              0	              0	              0	              0	              0	              0	              0
	              0	              0	              0	              0	              0	              0	              0	              0	              0	              0	              0
	              0	              0	              0	              0	              0	              0	              0	              0	              0	              0	              0
invIMIS 1
	        7.83759	      0.0483142	      -0.221723	      -0.389884	        1.76803	      -0.384346	        3.85606	      -0.254926	      -0.347922	      -0.406222	      -0.971108
	      0.0483142	         1.8659	        0.46669	       0.123897	        1.29052	      -0.530903	        1.43418	     -0.0340709	     -0.0681454	      -0.247967	       0.209824
	      -0.221723	        0.46669	        18.8256	        1.60145	       -3.24351	       -2.28945	     -0.0422365	      -0.521937	     -0.0265619	       0.475226	       0.375161
	      -0.389884	       0.123897	        1.60145	        21.4543	         2.2264	      0.0392867	       -2.10182	       0.665621	        0.27269	        0.19452	       0.335485
	        1.76803	        1.29052	       -3.24351	         2.2264	        297.874	       -11.5183	       -28.4593	       -6.98199	        1.22503	        6.05144	        10.9953
	      -0.384346	      -0.530903	       -2.28945	      0.0392867	       -11.5183	        153.366	        6.89596	      -0.280886	         1.1614	       0.973149	       0.236379
	        3.85606	        1.43418	     -0.0422365	       -2.10182	       -28.4593	        6.89596	        327.794	       -8.05548	        2.39285	        5.16728	        13.2356
	      -0.254926	     -0.0340709	      -0.521937	       0.665621	       -6.98199	      -0.280886	       -8.05548	        15.9103	       0.381644	         2.3234	        2.03307
	      -0.347922	     -0.0681454	     -0.0265619	        0.27269	        1.22503	         1.1614	        2.39285	       0.381644	         1.6586	      -0.606736	      -0.979726
	      -0.406222	      -0.247967	       0.475226	        0.19452	        6.05144	       0.973149	        5.16728	         2.3234	      -0.606736	        12.5617	       -2.68234
	      -0.971108	       0.209824	       0.375161	       0.335485	        10.9953	       0.236379	        13.2356	        2.03307	      -0.979726	       -2.68234	        19.1614
invIMIS 2
	        9.37244	      -0.207671	     -0.0721038	       -1.44423	        4.55661	       0.701086	        -3.2229	       -1.43323	       0.191806	       0.347651	       -1.27945
	      -0.207671	        2.19708	      0.0671544	       0.304978	        0.93867	       -1.53311	       -3.47009	      -0.868402	      0.0504528	       0.275386	      0.0180887
	     -0.0721038	      0.0671544	        24.6218	      -0.395617	       -2.51342	       0.825602	        3.06871	        1.21089	       0.577057	      -0.816441	        0.75001
	       -1.44423	       0.304978	      -0.395617	        31.6381	       -4.33946	       -3.21612	       0.837568	       0.721907	      -0.366466	       0.556567	       0.148682
	        4.55661	        0.93867	       -2.51342	       -4.33946	        372.816	         1.4799	        30.3497	        2.50968	       0.273573	       -5.41436	         3.6651
	       0.701086	       -1.53311	       0.825602	       -3.21612	         1.4799	        207.494	       -10.7112	       0.297937	      -0.311695	        1.97288	       -3.74801
	        -3.2229	       -3.47009	        3.06871	       0.837568	        30.3497	       -10.7112	        433.189	       -18.6958	        4.92358	        9.13467	        7.49053
	       -1.43323	      -0.868402	        1.21089	       0.721907	        2.50968	       0.297937	       -18.6958	        20.6367	       0.982209	        1.83988	       -1.83588
	       0.191806	      0.0504528	       0.577057	      -0.366466	       0.273573	      -0.311695	        4.92358	       0.982209	        1.97125	      -0.647476	      -0.404316
	       0.347651	       0.275386	      -0.816441	       0.556567	       -5.41436	        1.97288	        9.13467	        1.83988	      -0.647476	        14.9623	       0.421138
	       -1.27945	      0.0180887	        0.75001	       0.148682	         3.6651	       -3.74801	        7.49053	       -1.83588	      -0.404316	       0.421138	         26.318
invIMIS 3
	        34.8925	        2.49945	        6.55462	       -11.9244	        26.2791	       -1.55726	       -51.2681	        -1.7313	        2.26762	       -6.05694	      -0.770571
	        2.49945	        5.40675	       -3.60283	        5.08425	       -4.80596	       -3.57607	        9.82329	       -5.94941	      -0.298927	        3.06435	        2.00911
	        6.55462	       -3.60283	        79.6773	         6.0193	       -25.6958	       -7.64826	        29.7336	        7.15898	      -0.644835	        10.0232	       -11.5604
	       -11.9244	        5.08425	         6.0193	        112.227	       -4.06948	         2.8662	       -30.7885	        0.81298	        1.45519	       -4.52397	        12.5179
	        26.2791	       -4.80596	       -25.6958	       -4.06948	        1468.61	        37.2669	        124.571	        3.44113	       -3.68213	       -10.3063	        38.8315
	       -1.55726	       -3.57607	       -7.64826	         2.8662	        37.2669	        855.682	       -30.2603	        16.0989	       -1.57873	        11.1343	       -33.1148
	       -51.2681	        9.82329	        29.7336	       -30.7885	        124.571	       -30.2603	        1525.24	        -18.444	        23.9724	        14.1376	        51.7122
	        -1.7313	       -5.94941	        7.15898	        0.81298	        3.44113	        16.0989	        -18.444	        64.9272	       0.189455	         7.4389	         9.4219
	        2.26762	      -0.298927	      -0.644835	        1.45519	       -3.68213	       -1.57873	        23.9724	       0.189455	        6.27837	      -0.336818	      -0.993498
	       -6.05694	        3.06435	        10.0232	       -4.52397	       -10.3063	        11.1343	        14.1376	         7.4389	      -0.336818	         44.953	        25.4128
	      -0.770571	        2.00911	       -11.5604	        12.5179	        38.8315	       -33.1148	        51.7122	         9.4219	      -0.993498	        25.4128	        57.0082
invIMIS 4
	         92.275	       -7.61428	         33.656	       -24.9645	       -98.6185	        120.976	       -124.738	       -9.24852	          15.69	       -18.0771	       -24.3024
	       -7.61428	        10.1889	       -15.4869	        28.1623	         45.108	        15.6081	       -14.1407	       -6.48014	        2.59901	        10.8265	        3.82132
	         33.656	       -15.4869	         294.34	        57.2339	        12.1821	       -115.917	       -76.6015	        14.2908	       -4.00822	        5.27842	       0.773045
	       -24.9645	        28.1623	        57.2339	        391.962	       -3.18349	       -106.063	        155.538	        60.7812	        10.7612	        41.5937	        21.7007
	       -98.6185	         45.108	        12.1821	       -3.18349	        2191.43	        712.756	        167.909	       -96.1554	       -40.5106	       -24.3056	        108.205
	        120.976	        15.6081	       -115.917	       -106.063	        712.756	        1846.47	       -1114.39	        124.018	       -27.1359	        81.9391	        32.3291
	       -124.738	       -14.1407	       -76.6015	        155.538	        167.909	       -1114.39	        2457.94	        -82.744	         29.446	       -98.2298	        53.6329
	       -9.24852	       -6.48014	        14.2908	        60.7812	       -96.1554	        124.018	        -82.744	        171.045	        -7.8481	        38.8861	        36.1166
	          15.69	        2.59901	       -4.00822	        10.7612	       -40.5106	       -27.1359	         29.446	        -7.8481	        12.8069	        2.00517	       -10.2099
	       -18.0771	        10.8265	        5.27842	        41.5937	       -24.3056	        81.9391	       -98.2298	        38.8861	        2.00517	        126.705	        82.2777
	       -24.3024	        3.82132	       0.773045	        21.7007	        108.205	        32.3291	        53.6329	        36.1166	       -10.2099	        82.2777	        126.276
invIMIS 5
	        65.1681	       -13.1666	        12.1757	        8.63236	       -296.235	        87.3961	       -29.1571	      -0.284366	        12.2615	       -30.1653	       -53.2294
	       -13.1666	        15.3253	       -21.6136	        28.3961	        68.2101	        16.0903	       -38.2398	       -13.2888	       0.893395	        30.3703	        18.5904
	        12.1757	       -21.6136	        682.031	        301.284	       -183.789	       -371.499	        193.412	        58.5165	       -13.1532	        27.5267	        6.50322
	        8.63236	        28.3961	        301.284	        818.978	        273.294	       -86.9671	        164.656	         144.56	        12.9801	         160.18	        147.133
	       -296.235	        68.2101	       -183.789	        273.294	         3535.8	        1337.16	        251.904	        -42.437	       -110.844	         26.293	        99.0112
	        87.3961	        16.0903	       -371.499	       -86.9671	        1337.16	        4124.75	       -1895.73	        345.351	       -59.0498	        130.571	       -95.2861
	       -29.1571	       -38.2398	        193.412	        164.656	        251.904	       -1895.73	        4296.07	       -341.974	        1.80744	       -162.925	        185.431
	      -0.284366	       -13.2888	        58.5165	         144.56	        -42.437	        345.351	       -341.974	         378.23	       0.016346	        129.421	        120.062
	        12.2615	       0.893395	       -13.1532	        12.9801	       -110.844	       -59.0498	        1.80744	       0.016346	        13.8064	        12.2187	       -6.44248
	       -30.1653	        30.3703	        27.5267	         160.18	         26.293	        130.571	       -162.925	        129.421	        12.2187	        282.892	        186.872
	       -53.2294	        18.5904	        6.50322	        147.133	        99.0112	       -95.2861	        185.431	        120.062	       -6.44248	        186.872	        259.632
invIMIS 6
	        6.06921	        1.73175	       0.370115	       0.348378	       -1.97458	        1.05263	      -0.417831	      -0.269526	      -0.885308	      -0.398971	       -4.01799
	        1.73175	        1.89363	       0.409503	      -0.196342	        5.52195	        -1.9373	        1.66314	       0.815179	       0.104149	       -0.83599	       0.644866
	       0.370115	       0.409503	        31.6674	        1.89807	       -3.25326	       -4.79023	       0.580082	      -0.916177	     -0.0278492	      -0.259304	        2.45997
	       0.348378	      -0.196342	        1.89807	        36.2488	        5.60028	          1.212	       -6.70343	       0.788887	       0.249666	        1.33022	        1.71273
	       -1.97458	        5.52195	       -3.25326	        5.60028	        438.014	       -11.5276	       -43.0516	       -16.2277	        4.15761	        10.7032	       0.889267
	        1.05263	        -1.9373	       -4.79023	          1.212	       -11.5276	        253.503	        23.3684	        3.48378	       0.790841	        5.35567	        6.06058
	      -0.417831	        1.66314	       0.580082	       -6.70343	       -43.0516	        23.3684	        554.258	       -6.55411	        2.87064	         5.4221	        26.4031
	      -0.269526	       0.815179	      -0.916177	       0.788887	       -16.2277	        3.48378	       -6.55411	         25.244	       0.608994	          3.383	        4.17965
	      -0.885308	       0.104149	     -0.0278492	       0.249666	        4.15761	       0.790841	        2.87064	       0.608994	        2.65475	      -0.722369	      -0.924302
	      -0.398971	       -0.83599	      -0.259304	        1.33022	        10.7032	        5.35567	         5.4221	          3.383	      -0.722369	        21.0471	       -3.12463
	       -4.01799	       0.644866	        2.45997	        1.71273	       0.889267	        6.06058	        26.4031	        4.17965	      -0.924302	       -3.12463	        30.6234
invIMIS 7
	        10.9328	        1.42996	       0.064324	       0.365875	       -1.69907	       0.833458	        6.98807	      -0.803067	      -0.989557	      -0.430337	       -4.75498
	        1.42996	        2.11744	       0.153888	        -1.1068	        7.68369	       -2.26207	       -1.45778	       0.755761	      0.0940666	      0.0539769	        1.46585
	       0.064324	       0.153888	        37.9122	       0.451882	        5.05568	      -0.852099	        2.30358	       0.880015	      -0.225252	         1.4842	       0.680918
	       0.365875	        -1.1068	       0.451882	        43.4417	        6.89685	        1.51092	        1.61934	        2.67894	      -0.476219	        1.01345	        3.19819
	       -1.69907	        7.68369	        5.05568	        6.89685	        564.886	        17.0932	        8.66059	       -42.1414	        9.30766	        2.61989	       -1.07393
	       0.833458	       -2.26207	      -0.852099	        1.51092	        17.0932	        312.634	       -8.03517	        3.80538	        1.37231	        1.93077	        8.56846
	        6.98807	       -1.45778	        2.30358	        1.61934	        8.66059	       -8.03517	        750.404	       -22.9905	        7.48782	        18.5511	        23.5731
	      -0.803067	       0.755761	       0.880015	        2.67894	       -42.1414	        3.80538	       -22.9905	        28.1159	        2.32688	        4.97748	     -0.0990222
	      -0.989557	      0.0940666	      -0.225252	      -0.476219	        9.30766	        1.37231	        7.48782	        2.32688	        3.20528	       -1.36486	       -1.21768
	      -0.430337	      0.0539769	         1.4842	        1.01345	        2.61989	        1.93077	        18.5511	        4.97748	       -1.36486	        25.2636	       -1.63784
	       -4.75498	        1.46585	       0.680918	        3.19819	       -1.07393	        8.56846	        23.5731	     -0.0990222	       -1.21768	       -1.63784	        37.7001
invIMIS 8
	        42.2878	        1.75328	       -11.0916	        4.79274	       -141.892	         22.965	         29.477	         2.4834	       -1.85275	       -12.7439	        8.63489
	        1.75328	        12.1943	        3.91965	       -5.02789	        39.0404	        -4.2516	        -48.233	        1.21391	     -0.0514213	        7.69954	        8.89298
	       -11.0916	        3.91965	        287.443	         19.107	       -34.0884	       -19.3913	        43.7676	        12.7449	       0.647878	       -8.64369	        45.8368
	        4.79274	       -5.02789	         19.107	        334.135	        57.4984	       -42.4843	       -42.8049	          27.41	        -14.022	        40.9723	        6.91728
	       -141.892	        39.0404	       -34.0884	        57.4984	        2543.78	       -237.049	        -232.61	       -97.5942	        7.47053	        45.1179	        198.213
	         22.965	        -4.2516	       -19.3913	       -42.4843	       -237.049	        1932.71	       -579.056	        127.952	       -34.7975	       -4.90245	        130.905
	         29.477	        -48.233	        43.7676	       -42.8049	        -232.61	       -579.056	        3154.67	       -100.861	       -77.4409	        120.412	        135.471
	         2.4834	        1.21391	        12.7449	          27.41	       -97.5942	        127.952	       -100.861	        179.526	        29.1076	        41.3956	       -14.1366
	       -1.85275	     -0.0514213	       0.647878	        -14.022	        7.47053	       -34.7975	       -77.4409	        29.1076	        11.9712	       -1.87558	       -17.2678
	       -12.7439	        7.69954	       -8.64369	        40.9723	        45.1179	       -4.90245	        120.412	        41.3956	       -1.87558	        121.578	        65.2085
	        8.63489	        8.89298	        45.8368	        6.91728	        198.213	        130.905	        135.471	       -14.1366	       -17.2678	        65.2085	        162.205
invIMIS 9
	        35.3773	        4.97948	       -9.86062	       -2.96806	       -132.085	        40.6992	        80.1399	        11.1839	       -4.31059	        2.90905	        17.8275
	        4.97948	        7.83374	       -5.28884	        1.14701	        14.7027	       -2.92877	       -0.25029	        3.44232	       -2.12827	        7.61459	        20.8564
	       -9.86062	       -5.28884	        293.236	        58.8205	       -36.8727	       -59.0372	       -38.9575	        21.0369	        3.74061	       -10.1304	       -4.87095
	       -2.96806	        1.14701	        58.8205	          316.2	         101.62	       -31.8443	        46.7418	        39.2718	       -10.5491	        53.5109	        55.4055
	       -132.085	        14.7027	       -36.8727	         101.62	        1879.72	        19.5014	       -33.8132	       -17.3115	       -14.1105	        64.1572	        68.3626
	        40.6992	       -2.92877	       -59.0372	       -31.8443	        19.5014	        2097.78	       -418.103	        175.763	       -27.9149	        92.2182	        161.045
	        80.1399	       -0.25029	       -38.9575	        46.7418	       -33.8132	       -418.103	         1920.2	       -57.3587	       -48.9214	       -16.7541	       -53.3614
	        11.1839	        3.44232	        21.0369	        39.2718	       -17.3115	        175.763	       -57.3587	         147.86	        20.9221	        52.6225	        33.3919
	       -4.31059	       -2.12827	        3.74061	       -10.5491	       -14.1105	       -27.9149	       -48.9214	        20.9221	        10.7416	       -0.11279	       -11.2695
	        2.90905	        7.61459	       -10.1304	        53.5109	        64.1572	        92.2182	       -16.7541	        52.6225	       -0.11279	        103.629	        52.3914
	        17.8275	        20.8564	       -4.87095	        55.4055	        68.3626	        161.045	       -53.3614	        33.3919	       -11.2695	        52.3914	        119.107
invIMIS 10
	        59.7397	        3.20002	        39.3347	        -24.754	        -55.282	        159.905	        84.9096	        50.5406	        2.16817	        25.2098	        19.5605
	        3.20002	        12.5838	        13.2128	       -5.39277	        83.7934	       -10.0033	        20.6041	        6.41749	       -2.57847	         23.548	        28.6907
	        39.3347	        13.2128	        987.857	        651.675	       -97.0235	       -556.021	        254.517	        142.789	       -9.26006	        33.3053	        67.3569
	        -24.754	       -5.39277	        651.675	        1225.25	         186.15	        -333.26	        306.079	          342.3	       -19.2184	        309.311	        177.895
	        -55.282	        83.7934	       -97.0235	         186.15	        2136.01	        119.003	       -276.747	       -19.8455	       -63.5739	        329.917	        299.378
	        159.905	       -10.0033	       -556.021	        -333.26	        119.003	        7050.18	       -1843.66	        779.589	       -136.405	        838.306	        659.879
	        84.9096	        20.6041	        254.517	        306.079	       -276.747	       -1843.66	        3025.04	        -59.626	       -2.12868	       -66.8572	       -44.1955
	        50.5406	        6.41749	        142.789	          342.3	       -19.8455	        779.589	        -59.626	        450.327	       -4.61199	        271.281	        270.339
	        2.16817	       -2.57847	       -9.26006	       -19.2184	       -63.5739	       -136.405	       -2.12868	       -4.61199	          16.37	       -27.8456	       -16.2334
	        25.2098	         23.548	        33.3053	        309.311	        329.917	        838.306	       -66.8572	        271.281	       -27.8456	        371.696	        272.708
	        19.5605	        28.6907	        67.3569	        177.895	        299.378	        659.879	       -44.1955	        270.339	       -16.2334	        272.708	        338.484
invIMIS 11
	        22.9711	       0.773424	       -14.9199	        7.40363	       -60.9249	       -6.98966	        3.09604	        28.7879	        5.87428	        -8.9852	        5.41646
	       0.773424	        7.91184	       0.145131	       0.147492	        1.68066	        -36.628	       -30.2691	        13.3366	       0.736804	        18.3787	        15.7713
	       -14.9199	       0.145131	        731.157	        503.064	        119.388	       -461.141	        11.0017	        100.258	        -6.7328	        31.4176	        81.5682
	        7.40363	       0.147492	        503.064	        906.482	        37.9437	       -235.706	        203.373	        208.437	       -11.7213	         192.47	        93.7242
	       -60.9249	        1.68066	        119.388	        37.9437	        1740.05	        515.255	       -295.564	       -75.8065	       -68.4298	        93.9539	        29.4271
	       -6.98966	        -36.628	       -461.141	       -235.706	        515.255	        4764.67	       -1819.26	        415.031	        -67.868	        303.386	         304.06
	        3.09604	       -30.2691	        11.0017	        203.373	       -295.564	       -1819.26	        3078.93	        43.7969	        48.0614	        -229.66	        -198.63
	        28.7879	        13.3366	        100.258	        208.437	       -75.8065	        415.031	        43.7969	        356.457	        11.5504	        179.938	        188.813
	        5.87428	       0.736804	        -6.7328	       -11.7213	       -68.4298	        -67.868	        48.0614	        11.5504	        17.5072	       -22.0648	       -10.6477
	        -8.9852	        18.3787	        31.4176	         192.47	        93.9539	        303.386	        -229.66	        179.938	       -22.0648	        255.383	        147.067
	        5.41646	        15.7713	        81.5682	        93.7242	        29.4271	         304.06	        -198.63	        188.813	       -10.6477	        147.067	        225.865
invIMIS 12
	        61.2967	       -1.56166	        68.4924	       -6.38481	       -194.589	        69.9808	        29.3234	        74.7538	        9.49851	       -25.5414	        20.6949
	       -1.56166	        17.8124	        11.0851	        43.5076	        110.853	       -22.3074	       -11.2561	        44.4679	       -2.72995	           59.2	        42.6194
	        68.4924	        11.0851	        2208.03	        1795.51	       -482.996	       -1290.23	        484.981	        412.441	        7.88247	        214.587	        152.335
	       -6.38481	        43.5076	        1795.51	        2503.59	        461.173	        -773.05	        323.285	        682.606	       -12.1938	        613.434	        486.987
	       -194.589	        110.853	       -482.996	        461.173	        3061.45	        135.499	       -815.988	         75.561	       -26.7013	        687.553	        252.348
	        69.9808	       -22.3074	       -1290.23	        -773.05	        135.499	        13825.5	       -4357.27	        1896.24	       -96.3239	        1392.52	        1469.24
	        29.3234	       -11.2561	        484.981	        323.285	       -815.988	       -4357.27	        4933.68	        -219.42	        51.3228	       -706.366	       -495.367
	        74.7538	        44.4679	        412.441	        682.606	         75.561	        1896.24	        -219.42	        855.063	       -11.8726	        567.764	        574.242
	        9.49851	       -2.72995	        7.88247	       -12.1938	       -26.7013	       -96.3239	        51.3228	       -11.8726	        15.4935	        -31.602	         -23.25
	       -25.5414	           59.2	        214.587	        613.434	        687.553	        1392.52	       -706.366	        567.764	        -31.602	        672.506	        539.049
	        20.6949	        42.6194	        152.335	        486.987	        252.348	        1469.24	       -495.367	        574.242	         -23.25	        539.049	         545.01
invIMIS 13
	        64.2802	        1.54723	        58.8491	        4.32011	       -165.489	       -95.0842	        44.5009	        30.3364	        8.71869	        -29.395	        2.32367
	        1.54723	        17.3203	        7.38632	        16.5638	        84.5188	       -46.6006	        13.3564	        46.9051	         1.8258	        47.0149	        43.0209
	        58.8491	        7.38632	        2261.56	        1939.76	       -275.212	       -1020.83	        653.436	        429.898	       -21.5953	        285.666	         197.16
	        4.32011	        16.5638	        1939.76	         2655.2	        393.343	       -407.711	        316.774	        776.173	       -33.3738	        618.607	        500.811
	       -165.489	        84.5188	       -275.212	        393.343	        2982.98	         151.22	       -620.471	        118.604	       -2.60164	        446.115	        107.482
	       -95.0842	       -46.6006	       -1020.83	       -407.711	         151.22	        9767.01	       -3612.46	        1072.95	       -116.143	        1033.28	        882.661
	        44.5009	        13.3564	        653.436	        316.774	       -620.471	       -3612.46	        4115.45	        30.6152	         78.492	       -497.576	       -298.051
	        30.3364	        46.9051	        429.898	        776.173	        118.604	        1072.95	        30.6152	        836.676	       -1.83089	        583.809	        557.391
	        8.71869	         1.8258	       -21.5953	       -33.3738	       -2.60164	       -116.143	         78.492	       -1.83089	        8.49417	       -14.1657	       -14.9227
	        -29.395	        47.0149	        285.666	        618.607	        446.115	        1033.28	       -497.576	        583.809	       -14.1657	        612.334	         529.29
	        2.32367	        43.0209	         197.16	        500.811	        107.482	        882.661	       -298.051	        557.391	       -14.9227	         529.29	        585.435
invIMIS 14
	        33.4938	        1.74685	       -6.63677	       -28.6652	       -35.8462	        110.655	       -36.8603	         30.251	        7.68778	       -4.71176	        -11.977
	        1.74685	        7.81966	       -9.79487	        10.6054	        2.37471	        49.3487	       -56.0386	        27.6174	        4.20941	        23.0858	        13.5729
	       -6.63677	       -9.79487	        1506.01	        1350.71	        85.1514	       -1236.02	        684.833	        123.053	       -22.9585	        74.5769	        73.7538
	       -28.6652	        10.6054	        1350.71	        1737.77	        157.402	       -598.955	        187.777	        364.311	       -20.5707	        303.777	        253.762
	       -35.8462	        2.37471	        85.1514	        157.402	        2321.94	        394.369	       -589.998	       -77.3325	       -9.78306	        80.5622	        70.0601
	        110.655	        49.3487	       -1236.02	       -598.955	        394.369	        6569.73	       -2750.23	        787.291	       -10.0623	        505.974	        316.455
	       -36.8603	       -56.0386	        684.833	        187.777	       -589.998	       -2750.23	        3620.74	       -4.56299	        6.13269	       -298.718	       -183.621
	         30.251	        27.6174	        123.053	        364.311	       -77.3325	        787.291	       -4.56299	        601.401	        18.4438	        346.249	        309.957
	        7.68778	        4.20941	       -22.9585	       -20.5707	       -9.78306	       -10.0623	        6.13269	        18.4438	        10.7271	       0.655384	       -2.10323
	       -4.71176	        23.0858	        74.5769	        303.777	        80.5622	        505.974	       -298.718	        346.249	       0.655384	        320.538	        284.685
	        -11.977	        13.5729	        73.7538	        253.762	        70.0601	        316.455	       -183.621	        309.957	       -2.10323	        284.685	        358.801
invIMIS 15
	        40.1659	        6.50658	        12.5545	       -27.9493	        53.8486	        171.129	       -68.3812	        35.7996	        8.15947	        19.3053	        18.9149
	        6.50658	        10.3794	       -1.51587	        16.5282	       -7.40334	        62.8733	       -84.7483	        28.6017	         3.3821	        31.9584	        13.2832
	        12.5545	       -1.51587	        1234.15	         883.05	        191.342	       -556.934	         414.02	        133.931	       -26.9268	        77.8137	        75.6021
	       -27.9493	        16.5282	         883.05	        1459.38	        341.965	       -275.147	        -71.252	        488.127	         12.315	        379.923	        310.545
	        53.8486	       -7.40334	        191.342	        341.965	         1996.7	         785.23	       -482.095	        54.4062	       -36.3726	        74.1465	        11.4413
	        171.129	        62.8733	       -556.934	       -275.147	         785.23	         7872.9	       -2661.26	        820.415	       -62.6644	        596.418	        477.731
	       -68.3812	       -84.7483	         414.02	        -71.252	       -482.095	       -2661.26	         3712.7	       -197.808	        20.1153	         -491.1	        -218.13
	        35.7996	        28.6017	        133.931	        488.127	        54.4062	        820.415	       -197.808	        651.193	        28.9638	        426.154	        324.256
	        8.15947	         3.3821	       -26.9268	         12.315	       -36.3726	       -62.6644	        20.1153	        28.9638	        11.7524	        18.6403	        22.1933
	        19.3053	        31.9584	        77.8137	        379.923	        74.1465	        596.418	         -491.1	        426.154	        18.6403	        420.451	        317.539
	        18.9149	        13.2832	        75.6021	        310.545	        11.4413	        477.731	        -218.13	        324.256	        22.1933	        317.539	        311.057
invIMIS 16
	        33.1175	        3.86654	       -28.6106	       -31.2574	       -23.9541	        46.0192	         -31.38	        29.3909	        10.2078	       -1.24725	       -14.3526
	        3.86654	        9.53996	        25.3727	        55.1706	        13.9057	        28.0373	       -51.1944	        39.8895	       0.987718	        45.9532	        47.4794
	       -28.6106	        25.3727	        3238.43	        3269.14	        180.959	       -2262.44	        1620.01	        696.131	     -0.0882266	         385.22	        390.741
	       -31.2574	        55.1706	        3269.14	         4198.3	        170.135	       -1342.35	        748.468	        1147.36	       -18.5747	        822.902	         772.13
	       -23.9541	        13.9057	        180.959	        170.135	        2628.24	        755.647	         -832.3	        247.507	       -9.14851	        396.792	        438.817
	        46.0192	        28.0373	       -2262.44	       -1342.35	        755.647	        8350.33	       -4155.39	        961.029	       -40.3815	        930.318	        795.279
	         -31.38	       -51.1944	        1620.01	        748.468	         -832.3	       -4155.39	           3358	       -448.983	        36.1415	       -688.129	       -680.628
	        29.3909	        39.8895	        696.131	        1147.36	        247.507	        961.029	       -448.983	         865.17	        3.60568	        614.363	        575.029
	        10.2078	       0.987718	     -0.0882266	       -18.5747	       -9.14851	       -40.3815	        36.1415	        3.60568	        10.5783	       -14.1993	       -20.6418
	       -1.24725	        45.9532	         385.22	        822.902	        396.792	        930.318	       -688.129	        614.363	       -14.1993	        603.987	         588.97
	       -14.3526	        47.4794	        390.741	         772.13	        438.817	        795.279	       -680.628	        575.029	       -20.6418	         588.97	        659.691
invIMIS 17
	        46.1477	        2.47691	       -28.4448	        3.25884	        52.1816	        350.513	       -213.235	        56.6763	        5.44485	        31.0706	        36.2534
	        2.47691	        13.7948	        30.2755	        64.5847	        40.4393	        71.4133	       -71.2412	        65.1843	       -1.73376	        62.1735	        66.4443
	       -28.4448	        30.2755	         3536.2	        3385.77	         65.646	       -2859.83	        2215.02	        577.031	       -45.5724	        331.545	        316.984
	        3.25884	        64.5847	        3385.77	        4112.66	        256.576	       -1485.03	        1255.41	        1315.14	       -30.2705	        919.843	        822.615
	        52.1816	        40.4393	         65.646	        256.576	        1885.73	        456.723	       -833.431	        288.419	        21.1284	        354.087	        412.393
	        350.513	        71.4133	       -2859.83	       -1485.03	        456.723	        12576.3	       -6145.41	        1863.84	       0.336983	        1437.32	           1214
	       -213.235	       -71.2412	        2215.02	        1255.41	       -833.431	       -6145.41	        4572.85	       -773.645	       -35.2809	       -849.541	        -746.24
	        56.6763	        65.1843	        577.031	        1315.14	        288.419	        1863.84	       -773.645	        1163.51	       -23.5919	        852.577	          816.3
	        5.44485	       -1.73376	       -45.5724	       -30.2705	        21.1284	       0.336983	       -35.2809	       -23.5919	        9.01169	       -23.1663	       -22.7366
	        31.0706	        62.1735	        331.545	        919.843	        354.087	        1437.32	       -849.541	        852.577	       -23.1663	         808.96	        764.597
	        36.2534	        66.4443	        316.984	        822.615	        412.393	           1214	        -746.24	          816.3	       -22.7366	        764.597	        802.029
invIMIS 18
	         39.205	        8.12692	        20.0396	     -0.0644103	        32.4337	        401.763	       -99.6401	        79.3651	        10.1627	        52.4408	        57.6684
	        8.12692	         8.8946	        15.4736	        37.1877	        13.4273	        78.8656	       -51.5904	        46.8772	        2.75072	        35.4607	        23.2187
	        20.0396	        15.4736	        3156.55	        2876.25	        505.691	       -1836.46	         591.57	        780.993	       -25.9645	        665.354	        539.836
	     -0.0644103	        37.1877	        2876.25	        3547.77	        613.575	       -946.806	        397.993	        1397.59	       -8.24113	        1010.56	        808.697
	        32.4337	        13.4273	        505.691	        613.575	        2008.43	        426.662	       -801.764	        238.395	       -34.2618	        324.545	         228.92
	        401.763	        78.8656	       -1836.46	       -946.806	        426.662	        12448.7	          -3563	         1878.7	        10.6191	        763.861	        552.556
	       -99.6401	       -51.5904	         591.57	        397.993	       -801.764	          -3563	        2605.31	       -372.867	        22.0309	       -192.466	       -32.8654
	        79.3651	        46.8772	        780.993	        1397.59	        238.395	         1878.7	       -372.867	        1457.86	         18.964	        912.339	        708.567
	        10.1627	        2.75072	       -25.9645	       -8.24113	       -34.2618	        10.6191	        22.0309	         18.964	        11.0882	          11.83	         17.978
	        52.4408	        35.4607	        665.354	        1010.56	        324.545	        763.861	       -192.466	        912.339	          11.83	         705.04	        571.361
	        57.6684	        23.2187	        539.836	        808.697	         228.92	        552.556	       -32.8654	        708.567	         17.978	        571.361	         564.93
